0.06653982633724809 4.4127197265625 98466.79286943597 10432.120969523117 0.7722594540781168 27.65911865234375 201.53585652259085 3.181091244514187 3.720793073979484 3.8812499211273916 1.0484423803632261 -0.5887594440631665 0.9726549193409072 1.2602479447849324
0.09353329194709659 1.84710693359375 43357.98657206164 4757.99181522947 0.7584500459327965 18.39111328125 305.59093392315845 2.9067547974281367 3.396795630474143 1.4852882734494415 1.0270265189691634 -0.5638928996660527 0.9581557617116259 1.1489451746609272
0.0341554437763989 1.926788330078125 245305.34062827818 11040.233370941365 0.7421642221361705 28.420867919921875 269.7641223019328 3.569613378755297 4.169331971658656 1.5025282990218898 1.0631968541865489 -0.6003612500227413 0.9826208369776788 1.064524519034858
0.22569328267127275 0.888458251953125 24247.514993981767 3862.9447513874948 0.7928135464129313 16.411468505859375 418.3400309688019 2.5820928978225077 3.0028384320072985 0.6777626924795754 0.9109460936399751 -0.6198866581914567 0.9599633297508068 1.100807173315547
0.046318368054926395 2.302337646484375 213897.13517140565 11918.01315705692 0.7662593053396876 29.703582763671875 240.31732408259637 3.511826137297314 4.036019404356179 1.9024987801154225 1.0327529562804165 -0.6327129850099343 0.9852164230662619 1.5331112583521929
0.04484454682096839 1.39373779296875 110999.97158497518 5905.508614786642 0.7152220358621795 20.766845703125 327.8629266903481 3.4361973644703956 4.080695163219301 0.9594335877918638 1.0853705343945084 -0.5603932704756861 0.9742297305667982 1.063624682876087
0.06280872551724315 3.799591064453125 187884.11252855495 15453.874184808865 0.7589190806108079 33.880462646484375 286.35981299377505 3.3353982741124564 3.9296224564511206 3.2763032702910664 1.0922783433226761 -0.6085875409363228 0.9802155840488175 1.231509957938367
0.1910163927823305 1.7774658203125 38415.272401316746 5670.4302827745505 0.7872766212877145 20.109619140625 497.03950485808673 2.700379068123227 3.1296232828659796 1.4831247867296042 0.9736476470625564 -0.6297518277914241 0.9663871794450305 1.0948697439467527
0.11356600094586611 4.699371337890625 53186.687869303736 6597.934048987564 0.7245210847885841 21.371490478515625 418.0211101983083 3.0060013453823595 3.6386579391077456 4.0098229475570975 1.1706464487877255 -0.5407988011738362 0.9590249493246586 1.0877977770664955
0.20852899737656116 0.8154296875 27638.01184267916 4008.18660849412 0.7898603475019483 16.7755126953125 417.59017453470824 2.765843557585352 3.207899608341487 0.6067920887128366 0.9104665564528612 -0.6406706869382262 0.9708991947097273 1.0148746834952003
0.06139643024653196 2.8651123046875 68592.78643398464 5516.3916646075995 0.7216452241074216 19.72772216796875 296.4036768368844 3.235934361547631 3.8571338680097225 2.334898504430612 1.112499938396319 -0.5530332352901093 0.9678900576207778 1.0996293362654417
0.14222915936261415 4.1329345703125 34174.17785562694 4220.103484313251 0.7729990663097727 17.24102783203125 294.5041844732061 2.986938701613926 3.508285711670134 3.708714640395783 1.0146864017822061 -0.6168738024577255 0.9735230575531407 1.1270311061166562
0.06696100579574704 2.380126953125 108116.00145055588 10597.695263453352 0.7447094669171078 27.9085693359375 262.3888007386786 3.2848250055758106 3.861980043892318 1.9257969569916895 1.081746316199588 -0.5823825993829134 0.9743313616742765 1.185730816888765
0.030118876602500677 6.531646728515625 175285.74922867003 7397.399996014879 0.697404462581484 23.195526123046875 285.951527346494 3.479213749582534 4.202710513629382 5.531998638021889 1.2598447885669237 -0.5310400701588726 0.9702919837274083 1.1586710357887646
0.13568508764728904 2.63665771484375 51387.51618133294 6516.135114870936 0.7477113702005879 21.57379150390625 352.22539137900844 3.020973826134829 3.640027026105488 2.1703815194071012 1.1056307259980396 -0.5811870700309286 0.9691920308616436 1.0964658375252485
0.06459011137485504 1.2451171875 64059.77909385438 4860.036139660879 0.731422547102302 18.6866455078125 390.5953064758951 3.201478028599602 3.7506551383377547 0.8676528910857542 1.0394592014602786 -0.559930627719989 0.9669813127303163 1.1049683000996147
0.08664167299866676 5.145233154296875 66170.22060357351 6106.158218045646 0.7231096148415446 20.664703369140625 321.46172777754833 3.2752933191740543 3.94060974603317 4.4275923260702825 1.1632203081694983 -0.5645703913681849 0.9723082467559185 1.0501145669944874
0.07036009524017572 1.906494140625 48664.811846110875 4186.57240774528 0.7207736967187951 17.22515869140625 324.922774731411 3.152877825231414 3.7563106166052713 1.4319415142438174 1.0878099011499547 -0.5288978831191217 0.959013107737228 1.1209489921068299
0.05901648662984371 2.78875732421875 135623.0464383053 11502.631906306393 0.7575142414182058 29.15509033203125 181.03414175934654 3.340553394861455 3.933150775216457 2.3139501891710097 1.0687983255757105 -0.5861296904986091 0.9764209989194231 1.4414810966236555
0.11320609552785754 0.8912353515625 23758.620788016844 2744.975639890487 0.7578793076299695 13.6490478515625 310.0980790749827 2.7842317263221648 3.2368319430103916 0.6214769523685391 0.9466189459079833 -0.5501512403310883 0.9485484171506403 1.1187679945616242
0.053217511624097824 1.34039306640625 104684.86924942635 8060.664987558853 0.748654375238994 24.29498291015625 263.60575498923595 3.3144702645714097 3.841383669833074 1.0170454364015313 0.9829675339138013 -0.5982349625723044 0.9769090555769241 1.0989466901441436
0.07123961066827178 0.98773193359375 49234.51107332616 4121.658260561759 0.7702563709410614 17.0809326171875 329.42023089573286 3.0926979948903073 3.53234207385063 0.7308624236757169 0.929211386583146 -0.594968872950813 0.969598277732136 1.0985112501999659
0.02190947299823165 4.549072265625 619735.3372172713 15745.816783711247 0.7403203423153837 34.27667236328125 185.41847761079248 3.6931654517456325 4.359068016425772 3.8761404193101043 1.1233258303417584 -0.5916843174019825 0.9839333148194734 1.215368830625725
0.044363887049257755 2.099884033203125 217184.12736023247 12037.134320346446 0.7707947767137305 30.019989013671875 220.64633960624275 3.413672256005281 3.924875241414777 1.788707983661027 0.9553419005550824 -0.6335811240552289 0.9838127280101883 1.2002726774906478
0.04708695225417614 4.88177490234375 189933.2420770147 11367.29743517797 0.7164313719558034 28.91986083984375 273.01763492107443 3.515369010394738 4.230488835304965 4.081401147554288 1.2224754257741857 -0.5633034779836588 0.9774697397951703 1.4666589349948145
0.05777650186792016 1.519378662109375 176745.09744896644 12261.923503132379 0.7685355938754915 30.296539306640625 242.59528316726716 3.3493120756412114 3.858687333049811 1.2341515949443078 0.9544952616017979 -0.6351978821988801 0.9830639912578183 1.0745531228295973
0.09933798341080546 1.619354248046875 50704.1772711352 5385.442357078198 0.7364664938305023 19.583099365234375 360.0134275597762 3.2126661329092303 3.777110643447466 1.2336371158926909 1.0393045108267753 -0.5909645763188904 0.9742855010486954 1.1899007065082228
0.03785203117877245 3.833740234375 244407.8747523862 13888.239582934826 0.7421969878976564 32.336181640625 176.09758855926702 3.378760129787612 4.023762686618575 3.2844390801410555 1.097827764736524 -0.5775631136528316 0.9764991441952477 1.1766952331143004
0.0224087736569345 3.688568115234375 437558.0635519953 13248.91374052051 0.6974848217751095 31.252410888671875 242.93981752235055 3.7199601907055055 4.493720523855458 2.892979185351635 1.2374962884971763 -0.5516486511580321 0.9795260179684909 1.1485263735796256
0.03972875187173486 2.909820556640625 318083.0722123728 13667.062016721546 0.7861418829463382 31.996124267578125 230.53548822222916 3.5194234925473946 3.9626645145422366 2.591529378317375 0.8913852186160243 -0.6719237408238099 0.9887587523505958 1.0897317417028465
0.03786062356084585 4.5697021484375 153624.535636716 7767.265557153387 0.7039334602403553 23.5802001953125 336.4494140932811 3.5424114751148226 4.243746726345743 3.856071715610824 1.1588878205044717 -0.5633455511547347 0.9776985010929746 1.0583120081267192
0.06253309408202767 3.503692626953125 98010.12842866319 9230.330499873373 0.710269602776098 26.293792724609375 227.08294640702258 3.1693157635332847 3.8510579514451617 2.8443781058768423 1.1581636392549124 -0.5194358809194203 0.9589237543379608 1.0785674884489778
0.07343228068202734 2.579315185546875 94841.01608333796 9396.853440335706 0.7552642131183808 26.162689208984375 206.58326915930644 3.2805979443679187 3.8655166738529307 2.1195325706553945 1.0791031519255778 -0.5925153182216928 0.976325872359089 1.396195864366798
0.10540200816467404 0.66607666015625 76366.61415588949 10311.818454740584 0.787896413524358 27.61151123046875 219.30033846645733 3.0687923352396766 3.484484224053287 0.47413302635322907 0.8753503532779372 -0.6447849043288356 0.9780203511874754 1.1142813461809609
0.10594931012019515 2.73516845703125 78893.89618686988 9046.559963239992 0.7556509858170571 25.54998779296875 400.7929029249374 3.0494028324019706 3.5900632610211574 2.2496961454655775 1.1035691311193558 -0.6057547058607685 0.9731841557310008 1.1834969503027835
0.0359446513466537 2.872039794921875 233492.44468521595 12119.33910897132 0.7122725457788847 30.082000732421875 297.84126889533763 3.484228146708092 4.133537650687583 2.335305605479391 1.1000858344682878 -0.5697919635042811 0.9770092196522373 1.101146967115731
0.031597549095749855 4.03790283203125 289901.3028982937 11022.021019021153 0.6837568413034867 28.48004150390625 400.7673407156583 3.6052946512185553 4.370774220440337 3.177508066009068 1.279006957656573 -0.5484465367910655 0.9770277334313536 1.1664149508635535
0.04744720133021474 3.36688232421875 198170.2879885101 13906.74751662271 0.7401040664526859 32.2552490234375 214.43899144770057 3.3387326813113978 3.9947842148429262 2.817489904995682 1.1248715021669653 -0.5736559472317064 0.9752203585492336 1.113376752765175
0.06532473489642143 1.992889404296875 158564.62688278637 14532.950413212195 0.7807837355231776 33.143829345703125 235.48023764317537 3.150014823937583 3.6440236883571755 1.6798560021107392 0.974409942878223 -0.6179542038796042 0.9766074701528865 1.0876721191517376
0.038628397043794394 1.30267333984375 316633.7698359604 13272.932219063048 0.7696516274330917 31.42962646484375 289.0142890536156 3.5147062536848104 4.012644940633383 1.0265463334765172 0.9419962636346527 -0.6511291578805305 0.9871219103040075 1.105307105477591
0.08746690582484007 1.172332763671875 111310.8679127383 11198.321349755603 0.7970658909030519 28.906646728515625 301.41334067207254 3.0923436973942984 3.499399843410389 0.9493681526742535 0.9065917091109801 -0.6667360197704135 0.981684095533727 1.074787586652107
0.04517409252002835 2.693145751953125 227815.26815775188 11481.298303588734 0.7464823408172506 29.115753173828125 326.1360047192066 3.4514442927532567 4.033378302844855 2.2349481616798244 1.0800212634663882 -0.6116652039230605 0.98230917962502 1.0993624159921995
0.04198656417429447 1.600677490234375 176928.33612013864 12295.96036888007 0.7407976889842727 30.324188232421875 220.85613340529204 3.3643247011338513 3.9177104245924372 1.2261201668071067 1.0226220984285026 -0.5923017718741949 0.9772577446969577 1.1202494727433916
0.04611551435664296 3.352508544921875 321027.08687022474 17360.033124765272 0.7783161239462201 36.086883544921875 238.54994465394162 3.4278287966467453 3.9418798865366047 2.9375805134682764 1.0070208877467433 -0.6377542929002025 0.9846025962682766 1.1342370895637195
0.08158387150615454 1.207733154296875 78532.54766747211 7377.190742040197 0.8058896926815776 23.270294189453125 190.0330267562577 3.1007962750983205 3.5340694475969583 0.9920344069542466 0.8968496015329648 -0.6586144006555245 0.9811167632640486 1.2381519841995972
0.0781606356613338 1.376953125 96064.50179940186 9511.118625605961 0.8158738887753323 26.645751953125 151.63409817227875 3.2040203169916204 3.562011120581151 1.2077085423597964 0.7851965516586634 -0.6797350494925936 0.984456124100147 1.0563754386305588
0.06432291306555271 2.56878662109375 101356.23522974175 7767.980602711188 0.7719037306775547 23.66583251953125 179.9044723856589 3.2320791082763694 3.7648805949418476 2.192607308586048 1.010932581398183 -0.6292486436757495 0.9806983877980585 1.1579701060854006
0.10760620795190334 2.79931640625 80915.60805280297 11784.28162645964 0.7753505388787885 29.5338134765625 222.40030673788806 3.018388681889674 3.5121764550467263 2.431324048835677 0.9889376444425707 -0.6057740412062483 0.9713965780192675 1.2100748246630693
0.154203066136688 2.94805908203125 35929.459986032736 7045.077690752829 0.7921826916708157 22.507568359375 153.2745696852253 2.8864112687093497 3.3804350923644035 2.553458604101479 0.995327515918664 -0.6211660683098948 0.9713532441668248 1.4256819542227737
0.08082002867013216 3.822021484375 158477.90571631366 16785.136584484328 0.7678835934723561 35.58831787109375 256.9397926127897 3.1168923014899064 3.6665416689937746 3.3574254107882098 1.0419296292964155 -0.6081833056416877 0.9752881600626834 1.2149765372050252
0.06490938737988472 1.599517822265625 128709.51789192959 10732.470929600531 0.7578479662145015 28.259185791015625 375.01983359543067 3.273130773381393 3.7376357203497514 1.2693073082423894 1.0027334457679165 -0.6328145614715148 0.9807825613600186 1.300449999620785
0.040729695931077003 4.31915283203125 277767.7036440903 12811.17383544649 0.7326298575446405 30.92425537109375 329.0481051179124 3.5210760621026465 4.146989990381966 3.7531165815926215 1.099792895113016 -0.605069168475513 0.9829894178401041 1.080420341391322
0.09719691006466746 3.31024169921875 54016.82818464166 4821.7901718507055 0.7449851135683303 18.16571044921875 340.14899260025254 3.1891581667690163 3.7497035644889474 2.792683411868211 1.067923710365607 -0.6051562773903535 0.976401005590526 1.118980232746491
0.12025283323600888 0.654632568359375 72770.1644373602 11133.955904763958 0.7961027758433763 28.919952392578125 249.57673041071945 3.038344927593445 3.4340993865968588 0.4774191870033633 0.8549908781496645 -0.6491982519737516 0.9777339108631781 1.1850177304315264
0.09727321797981858 1.3753662109375 79536.33244807587 7860.428506282135 0.7464215110085273 24.10394287109375 378.01977340794497 3.086525666125648 3.6475018893717506 1.0094623840197983 1.0615148885077192 -0.598100209429203 0.9729352775726844 1.1819554844442683
0.08101353608071804 2.34246826171875 89439.23142000858 7283.8943804474 0.7777225651729184 23.20611572265625 322.6085580209185 3.2334847156020916 3.707895005104456 2.0134242249025647 0.9472953034296704 -0.6396151738588173 0.9813045326557428 1.0956846898044212
0.09952817251905799 5.080474853515625 46931.413688464716 6080.756150730687 0.7655568315762763 20.788177490234375 248.8194458724343 2.993840135110988 3.488508748727023 4.574937802180159 1.0307501180644718 -0.5981335228892815 0.969196974371027 1.2552693578348344
0.15050758374854922 1.992279052734375 58464.47194755024 11176.329217100647 0.8030070487155039 28.727264404296875 224.17195979652666 2.8450347318678952 3.287892141886154 1.7507442661395203 0.9017529181907967 -0.6374644733020783 0.9723081224354824 1.1421452574308497
0.0517192161642015 4.52825927734375 86175.72378774855 5386.559578712102 0.7492330165848057 19.4281005859375 230.4844872423064 3.406765422839146 3.975909730389229 3.940620698364228 1.0696415599312772 -0.5981082291882298 0.9792789425924635 1.1121320728611153
0.054945599753409624 2.465301513671875 197409.93254728802 12927.054931992898 0.7576773847119652 31.142364501953125 267.2859121115408 3.4550888761964402 4.0263597436248695 2.0910455690191725 1.0175733908598965 -0.6230059694844456 0.983812312650506 1.0534974747135
0.05331165622919798 4.318206787109375 90471.99144595093 6970.007248685415 0.713817669467655 22.160797119140625 333.73424764278167 3.342466914667526 3.9788631491223314 3.661090062824371 1.120320146341952 -0.5615846421871805 0.9724654145974913 1.1122985539311077
0.11889956193044782 2.579681396484375 88638.81848789117 13498.483766652595 0.7668420508710037 31.770111083984375 235.74859957085988 2.9291683376730537 3.454694045224158 2.177190853281047 1.0470983758353822 -0.5956229403294943 0.9677726653103664 1.1740301705520713
0.046101194340735674 2.010467529296875 115398.63057433178 6832.485937521882 0.7150927717867729 22.209381103515625 295.5904889734526 3.4839672429006066 4.105434296354665 1.5406110062900211 1.0745040593945574 -0.5823471033537027 0.9787722223424924 1.1655527841192483
0.2074488033540547 0.89630126953125 49527.44255243464 13275.83803511261 0.8365502948240967 31.4271240234375 225.23232314365396 2.5622188138191317 2.90071545905364 0.7675089561073491 0.7763722534113346 -0.6745213949711275 0.9690849867933169 1.0876733886249252
0.017862345557659864 7.600341796875 555875.6373519943 10202.251000033924 0.6504839061832958 27.27215576171875 288.2400103594757 3.772680983941977 4.768329126376198 6.117446476908526 1.4269335375621561 -0.49475743414929424 0.9724544589962668 1.0953640225969385
0.06558537250384688 3.360015869140625 197397.59407975725 16811.500511719518 0.7992928847494075 35.487884521484375 231.02848389013576 3.1626543321967406 3.6154416335419834 3.019824921879774 0.9377323078717548 -0.6513014755024329 0.981460962971342 1.1227609359447441
0.02946602739393711 8.725982666015625 246653.5741140408 10166.206811742615 0.6882039479413705 27.160247802734375 230.99626946846416 3.5861128941032 4.490551206688425 7.288099285498049 1.3872360282518275 -0.5044456582316222 0.9697056410971269 1.1268932101149078
0.12144564650952816 0.72198486328125 105649.51355233726 14841.593989188215 0.8304482813427062 33.3380126953125 289.8308507524207 2.951361245635042 3.2742414326456477 0.594426903433714 0.7741896751308082 -0.7127460049730114 0.9839610024753979 1.0728821297293243
0.08785533253103495 1.809478759765625 59716.07205226922 6089.017384155499 0.8048314010106292 20.862213134765625 175.88567384442518 2.984979022431413 3.4086453317453054 1.577529507269503 0.8737155605662787 -0.6565884070670912 0.9784299439904387 1.0416862984706283
0.056929645128548145 1.028961181640625 187761.32290271105 12799.328920628923 0.7921219446818196 30.845245361328125 227.45611268870204 3.323881560437847 3.7842206520175323 0.8132052425317511 0.897748194049804 -0.657147008950646 0.9848816134895014 1.0536058729369098
0.17092820163816214 2.415313720703125 27757.4112218444 5727.295474134909 0.8011255212127021 20.256378173828125 175.6186216798015 2.8137780303995954 3.2484949584690725 2.101935757836202 0.9476277241412006 -0.6260006627709201 0.9689419100209541 1.482436832827735
0.0385312344878912 1.07989501953125 311300.19202097337 11054.579507385608 0.7559357288749035 28.63525390625 492.79050649552664 3.5185960106137855 4.0330162268465815 0.7812629659638333 0.9945146252302338 -0.6462298084059542 0.9868081319333672 1.0491233687068258
0.15743202390149236 1.5673828125 28934.28244869488 6088.841047045056 0.8391080768225807 21.0548095703125 132.73084987010316 2.607484077528949 2.94410782961172 1.3967677312232354 0.8022974633232408 -0.6618650223973547 0.967779717542566 1.690785652467134
0.11622957652434707 1.067169189453125 80325.93935567788 12684.102624939584 0.7987932078408055 30.789215087890625 155.67263852184948 2.936947039612225 3.3706505705587015 0.8604675014394729 0.8772700804890878 -0.6339764842843977 0.9736330883966906 1.0929690959238467
0.07205224689096212 0.76361083984375 76981.59994561871 7227.190967231554 0.807980882385128 23.0255126953125 170.77187074476478 3.0800258452432923 3.4682405371253457 0.5928431397915119 0.8492905943201257 -0.6601498870364959 0.9801476195564865 1.479605646754083
0.03214006591588259 1.569793701171875 381713.3463516212 14255.244455914975 0.7812894804092129 32.720123291015625 176.54913751120017 3.5405610544049213 4.01417634345185 1.3188495423383415 0.8982119148906541 -0.6519066708570536 0.9872270417986105 1.0367446766543666
0.03888369631022215 3.104248046875 165052.45548936742 9094.774062081298 0.695334118464471 25.74346923828125 217.3595812616752 3.428300945834965 4.162483586224976 2.4545466105373634 1.181294219928755 -0.5401709924293527 0.9715458636869758 1.0708100529488902
0.0641945512033999 0.77008056640625 169181.23271102185 13656.54404718522 0.7787747880326534 31.992919921875 234.9314093749599 3.2738286472014853 3.72375130929919 0.5550389794843795 0.8874117251186195 -0.6442356187982671 0.9822381054175091 1.1060556185724952
0.10051802173256874 2.86322021484375 64948.14583418616 6679.467186633792 0.7722197877736298 21.6575927734375 322.5495828404901 3.114196959696297 3.6432222729689916 2.432802381226793 1.0565180642867351 -0.6130345002412106 0.9757043639785942 1.1912110242716627
0.10573974344879389 2.210968017578125 91712.57191030016 13608.66605373702 0.7676800814369725 31.752899169921875 172.41731789885858 2.987691335090133 3.5012066131990185 1.8699865973222245 0.9917678166054119 -0.5996292332288217 0.9698373776276621 1.101806207960669
0.06435439176857471 0.852874755859375 125512.29807723334 9745.216572532463 0.8018316897138865 26.873504638671875 269.1946515603378 3.214267299353261 3.5865392174737325 0.6666866263313409 0.8708600196064326 -0.6707104367287944 0.9836768695555732 1.3334156460587492
0.10915739787742496 0.837127685546875 106049.79323517617 14287.794068241574 0.8100480542751136 32.778228759765625 219.20119443716482 3.0426787325043487 3.4143230568528584 0.6674015206017998 0.8289058563312486 -0.6799344562163503 0.9820501768619313 1.104795625585684
0.40072126500308514 0.79400634765625 10943.589445734035 5363.474339128556 0.8819450983669064 19.589111328125 155.17892122481499 1.7978551578072148 2.0256766058877997 0.7143206253497283 0.639462192133969 -0.6796230852851582 0.9282393760467507 1.1516796475208062
0.13767230603843927 1.830902099609375 73257.71145464056 12739.327925834918 0.8147305992574669 30.648590087890625 241.3699831595 2.911286951690108 3.311839910764571 1.6107196284770566 0.8764302172180598 -0.6661906751913964 0.9779930662533214 1.192078718182846
0.15299538196995854 1.46453857421875 57755.461247362364 11394.631582032482 0.7993194438826671 29.1478271484375 255.05547852545806 2.6858674174951433 3.1178912760347446 1.2280304512953535 0.9180346685496712 -0.6088816790719537 0.9610624764583481 1.2029602921885392
0.04923501797020435 1.412841796875 290698.3240632768 18269.697377203327 0.8067382292338745 37.18939208984375 205.25541458946122 3.3552243242625863 3.7275247576123784 1.2206823141896166 0.8326379803346744 -0.685910707378245 0.9874670357416176 1.1037439302967773
0.07536022132262588 2.37261962890625 82809.55933001955 8093.174092764097 0.779048546751121 24.09027099609375 211.42648786827726 3.120514957461082 3.6138836824045177 1.983568693062125 1.0326096705006735 -0.614137066367917 0.9752998865141604 1.2941780688199898
0.055906157940626144 0.91973876953125 263505.9508080173 15998.778866461422 0.7819517855551416 34.80340576171875 284.09761083117905 3.402618051513071 3.8164506242257583 0.6911869128291528 0.918310159388312 -0.6798028700134999 0.98790423370652 1.0783343151746096
0.3235260178335011 3.175079345703125 12950.216015599695 5734.039729596214 0.8414585038408793 20.077789306640625 120.21341550298308 2.122626997386067 2.490367239743002 2.917179079097025 0.8251789138819016 -0.6008436974562464 0.9308972492122805 1.204067728909871
0.06347268121317029 1.629150390625 174175.15254893972 12800.070631329607 0.7842252243831374 30.8328857421875 291.04486432900103 3.2953152206529306 3.7737637619910003 1.3606695572379977 0.9379791724881367 -0.6515032846166852 0.9840051947220905 1.0628469318798919
0.21330416155979037 1.804840087890625 19213.936970417337 5836.069613224074 0.799544765976261 20.488250732421875 92.3324708421988 2.518006463776342 3.0076869485860223 1.524132565180082 0.9552298462208535 -0.5755158751446717 0.9476064028908047 1.2696150748255577
0.06488070031628013 0.5867919921875 169963.970373264 13652.606607323187 0.8019960828853933 32.0963134765625 236.18971369033625 3.2317551943939216 3.6040437617527954 0.42845946436159466 0.8152872430994216 -0.6856404278468882 0.9857928802868747 1.2327677047270031
0.16572593105956912 2.62322998046875 34113.64841580678 7723.436352517006 0.791652319311509 23.6766357421875 158.75710889785933 2.762825452729444 3.2324910808871876 2.2760731543539805 0.965096233824886 -0.5958371675262578 0.9614463912564091 1.2154088892184027
0.04084465140476823 2.176177978515625 222791.51296551034 10463.856135402099 0.7682340021142495 27.731964111328125 262.11332239919653 3.512867375108271 4.020228708277535 1.8518142764001482 0.9656986857401957 -0.6415665450712733 0.9861045114179665 1.0694442833309088
0.10910443123430014 2.296600341796875 49871.380550732225 7569.535165626472 0.7901815750692879 23.326080322265625 169.34777754026305 2.918424281138965 3.396325164150432 1.9898048297864648 0.9508116483911188 -0.6095533743398935 0.9693262915282067 1.1387324077514287
0.0682069887407124 0.860443115234375 125749.3617384036 9501.854565868678 0.7875786617296712 26.514495849609375 285.1215973242247 3.2758243592777005 3.7260975768238107 0.6504816860720553 0.8971438104914838 -0.6579267053800967 0.9841399344070554 1.065163766383351
0.04784730123355985 1.840972900390625 176675.32730228774 9639.03651187924 0.780768739206926 26.633758544921875 212.02468152496482 3.4531599641798536 3.9037690560131812 1.5848828926783085 0.8848737347162263 -0.6577369213152453 0.986545892025384 1.0571127646347953
0.04573235660791397 1.0841064453125 192520.47754027604 12534.193738326956 0.8223147676578593 30.60272216796875 142.57757465927193 3.3205598756429793 3.644539429976938 0.9372203976674882 0.7474634928877478 -0.6904320625144238 0.9868919412494233 1.0933699366073424
0.09189400915056467 2.942596435546875 91102.43583056006 9388.73227951712 0.7526934438745371 26.154327392578125 303.41914463611295 3.1931206108307815 3.7578199999454465 2.504103053842357 1.0618612960501803 -0.6062774723350556 0.9767601098449973 1.059047065947891
0.05104624014347792 4.268646240234375 199485.7999304308 13069.309768102932 0.7719874551901441 31.508941650390625 184.09297138189464 3.353059643198008 3.8730970987643896 3.770349746865179 0.9937058142584875 -0.6259553522209677 0.9819645167040242 1.421533766424208
