129.460205078125 42.39111328125 51.16079371151287 2617.4268131919753 0.023030314378877655 -0.681933443810196 0.0 0.0 0.0 0.0 0.0
104.468505859375 49.95961970090866 59.73253766564335 3567.976055977502 0.02291819113376819 -0.8829145955647237 0.0 0.0 0.0 0.0 0.0
127.673095703125 42.25260102748871 51.18702144810462 2620.111164728723 0.032161005851523906 -0.6524273711970103 0.0 0.0 0.0 0.0 0.0
80.4832763671875 56.86659464240074 65.55464711130864 4297.411757888207 0.4071572487832945 -1.0049920424628453 0.0 0.0 0.0 0.0 0.0
129.36083984375 41.859827756881714 50.057043955320125 2505.707649544851 -0.10152951664136727 -0.7444586096880301 0.0 0.0 0.0 0.0 0.0
114.373291015625 46.598968863487244 56.25626402113548 3164.7672416157025 -0.03510770927927957 -0.7320518342312465 0.0 0.0 0.0 0.0 0.0
129.1134033203125 41.72692620754242 50.55579946473427 2555.888859518426 0.02357912805648314 -0.6410936852774438 0.0 0.0 0.0 0.0 0.0
85.4755859375 57.364691734313965 66.01761779818307 4358.3258597469785 0.2993416323442417 -1.0947642213018698 0.0 0.0 0.0 0.0 0.0
145.067138671875 40.19110852479935 47.801788634639955 2285.0109966707932 -0.5346974915695871 -0.4896489621554916 0.0 0.0 0.0 0.0 0.0
82.2593994140625 55.98257702589035 64.6557403739737 4180.364763306692 0.35607498057394393 -1.029891725677128 0.0 0.0 0.0 0.0 0.0
143.2467041015625 39.95727610588074 47.69001717219604 2274.337737884354 -0.5278043345915624 -0.47238189585309875 0.0 0.0 0.0 0.0 0.0
89.79052734375 57.33509123325348 66.46796446190952 4417.990299709666 0.2264117617260885 -1.077272540125238 0.0 0.0 0.0 0.0 0.0
129.0927734375 41.11810874938965 49.536456440560244 2453.8605166875227 -0.075317206443054 -0.690346248627637 0.0 0.0 0.0 0.0 0.0
109.3016357421875 49.64748066663742 60.111463691685 3613.388067156764 -0.071007118921405 -0.7764338928055645 0.0 0.0 0.0 0.0 0.0
142.62646484375 40.31370484828949 47.473212389408395 2253.7058945698786 -0.5495696806376091 -0.590017405439236 0.0 0.0 0.0 0.0 0.0
104.8564453125 49.15437412261963 58.80715456778086 3458.2814283588696 0.04220055837232994 -0.8554936725278899 0.0 0.0 0.0 0.0 0.0
144.051513671875 40.887887835502625 48.69278148529124 2370.9869687743217 -0.5107604730363744 -0.5036032813063933 0.0 0.0 0.0 0.0 0.0
103.3499755859375 50.85181924700737 60.41000354968171 3649.3685288725574 0.04272115347946802 -0.9250751302848572 0.0 0.0 0.0 0.0 0.0
128.181640625 40.664395809173584 48.9462214991273 2395.732599041631 -0.06578057738006247 -0.7095407278801122 0.0 0.0 0.0 0.0 0.0
94.9678955078125 52.07647421956062 61.468202781459176 3778.3399531825853 0.15961806955948302 -0.9536769634158699 0.0 0.0 0.0 0.0 0.0
129.5325927734375 40.8343268930912 49.28625632564002 2429.1350625966907 -0.06197592622401248 -0.6546205353733017 0.0 0.0 0.0 0.0 0.0
113.5390625 45.14326095581055 54.60997825771646 2982.249725308265 -0.05075309147833635 -0.6992341487552758 0.0 0.0 0.0 0.0 0.0
130.5997314453125 41.475659638643265 50.129828417385745 2512.999697156535 -0.012921316871442278 -0.6460333747625677 0.0 0.0 0.0 0.0 0.0
131.993408203125 42.77917939424515 52.50017428396343 2756.2682998465352 0.21022617285450756 -0.4012660541239548 0.0 0.0 0.0 0.0 0.0
132.5634765625 42.848536014556885 51.24602588840509 2626.155169355085 -0.08299684841430209 -0.7267159652196842 0.0 0.0 0.0 0.0 0.0
129.8609619140625 41.3255275785923 50.19146911257615 2519.183571678686 0.06733988085019589 -0.5868040741770595 0.0 0.0 0.0 0.0 0.0
140.995849609375 40.990440130233765 48.579147464883874 2359.9335684149332 -0.4646310008832914 -0.6240138426894379 0.0 0.0 0.0 0.0 0.0
134.8748779296875 45.45443174242973 55.924451050988466 3127.5442253544047 0.2689828291751449 -0.4738322221866378 0.0 0.0 0.0 0.0 0.0
130.4005126953125 42.85461238026619 51.42600251160742 2644.633734323853 -0.04139387621238845 -0.7134000228431594 0.0 0.0 0.0 0.0 0.0
131.751220703125 43.67478448152542 53.542684544392806 2866.81906822036 0.2623850045126081 -0.43086482081567645 0.0 0.0 0.0 0.0 0.0
135.038330078125 51.002457439899445 60.05351046930486 3606.424119686909 -0.2149012228271359 -0.9043685474874676 0.0 0.0 0.0 0.0 0.0
130.41259765625 43.82956099510193 53.20842777894861 2831.1367867075905 0.1559712633619069 -0.6019155430870065 0.0 0.0 0.0 0.0 0.0
128.57958984375 41.90247428417206 50.51306065241353 2551.569296474408 3.3877309791866667E-4 -0.6678005963727665 0.0 0.0 0.0 0.0 0.0
129.173583984375 41.94927400350571 51.164712036040534 2617.827757730951 0.1397410605596405 -0.5015013112868254 0.0 0.0 0.0 0.0 0.0
143.88671875 42.38041591644287 50.56290013780362 2556.606870345501 -0.496997884884006 -0.4463409863335057 0.0 0.0 0.0 0.0 0.0
130.050537109375 43.02839511632919 52.74318088602927 2781.8431299764034 0.19166160446687508 -0.4458157282835886 0.0 0.0 0.0 0.0 0.0
138.5152587890625 41.92898914217949 49.97741413044333 2497.7419231658364 -0.2984381044548079 -0.6588323252796449 0.0 0.0 0.0 0.0 0.0
130.0140380859375 42.28880172967911 51.473121953886405 2649.4822836796625 0.13744058717245713 -0.5275595699639029 0.0 0.0 0.0 0.0 0.0
127.2098388671875 51.949880331754684 61.77998055744944 3816.765997678831 -0.017856310634876298 -0.8953027165788874 0.0 0.0 0.0 0.0 0.0
128.6910400390625 41.06778472661972 49.702473370598284 2470.335859155032 0.08211382665756266 -0.5781153819792446 0.0 0.0 0.0 0.0 0.0
127.0982666015625 51.24768349528313 60.88764707658273 3707.3055665224933 0.011806709516862553 -0.9182509757840909 0.0 0.0 0.0 0.0 0.0
129.7410888671875 40.7682580947876 49.630720134685234 2463.20838108745 0.04735027268975461 -0.5703326112912754 0.0 0.0 0.0 0.0 0.0
127.8302001953125 42.58084052801132 52.10406837017788 2714.8339407241706 0.017806264273300954 -0.5658766731104281 0.0 0.0 0.0 0.0 0.0
148.3953857421875 50.72653365135193 61.87601106568828 3828.6407454011787 0.19945983290592564 -0.7706166517883157 0.0 0.0 0.0 0.0 0.0
126.1534423828125 51.38188308477402 61.08103989466933 3730.893434614187 -0.02540954316323011 -0.8954286427501557 0.0 0.0 0.0 0.0 0.0
125.2269287109375 40.7077054977417 49.14018270006902 2414.7575557961627 0.026580844424185738 -0.6614063553788183 0.0 0.0 0.0 0.0 0.0
127.1011962890625 41.22444665431976 50.01674863943627 2501.67514446055 -0.016124804222305847 -0.6419445910834756 0.0 0.0 0.0 0.0 0.0
125.1846923828125 41.54502972960472 50.39520720122308 2539.6769088542064 0.07988336020428036 -0.5502334317146214 0.0 0.0 0.0 0.0 0.0
123.453125 53.823280334472656 63.6503734497145 4051.370040288121 -0.05425792776022498 -0.9229356812214426 0.0 0.0 0.0 0.0 0.0
143.2474365234375 49.172458469867706 60.16175794923062 3619.4371195418134 0.21684462499986387 -0.6624553143104777 0.0 0.0 0.0 0.0 0.0
119.845458984375 44.46623522043228 54.04584654156019 2920.9535283938735 -0.09758016285655781 -0.6335840069684209 0.0 0.0 0.0 0.0 0.0
134.5078125 43.87913131713867 53.87846248108877 2902.88871932609 0.26152869916125343 -0.4370703376618983 0.0 0.0 0.0 0.0 0.0
96.52783203125 54.30369687080383 63.712066381111825 4059.2274025511997 0.11303063639147501 -1.0271799335265042 0.0 0.0 0.0 0.0 0.0
123.6243896484375 41.072565138339996 49.68311898342743 2468.412311921407 0.062134739220982074 -0.6151849149803503 0.0 0.0 0.0 0.0 0.0
98.9334716796875 54.376972675323486 63.99707059556134 4095.625044813262 0.023880888099307485 -1.0473454147041386 0.0 0.0 0.0 0.0 0.0
129.0517578125 40.92028784751892 49.560229435287795 2456.2163416783665 0.017609849394667563 -0.6422564914680686 0.0 0.0 0.0 0.0 0.0
139.13330078125 41.33165895938873 49.30050374819975 2430.5396698262575 -0.30040158224657404 -0.6273943000823197 0.0 0.0 0.0 0.0 0.0
126.9581298828125 42.636685103178024 52.24024009992387 2729.0426856976933 0.17481901363364064 -0.44148925718964005 0.0 0.0 0.0 0.0 0.0
139.6270751953125 42.19783389568329 50.07164408660891 2507.1695415360373 -0.356329649733448 -0.6473143241656625 0.0 0.0 0.0 0.0 0.0
128.21337890625 41.62627363204956 50.54187269317305 2554.480895332911 0.1429480792777623 -0.518863505811709 0.0 0.0 0.0 0.0 0.0
136.04541015625 41.49939167499542 49.65993881946401 2466.1095235529087 -0.2229097706302006 -0.6724391945477355 0.0 0.0 0.0 0.0 0.0
142.1358642578125 46.62542036175728 57.261195927417525 3278.8445590380975 0.23670503237785928 -0.5686381383721129 0.0 0.0 0.0 0.0 0.0
138.1439208984375 41.15474182367325 48.93742041368036 2394.871116745299 -0.3506992877987004 -0.6498385984264794 0.0 0.0 0.0 0.0 0.0
132.0120849609375 41.45111766457558 50.27364722080595 2527.4396048820495 -0.005276166970577585 -0.6223194328096167 0.0 0.0 0.0 0.0 0.0
135.069580078125 42.559945583343506 50.70862078215166 2571.3642216280637 -0.18057540674865974 -0.7408085252018344 0.0 0.0 0.0 0.0 0.0
133.591064453125 47.2589727640152 58.27718264118106 3396.2300165935744 0.25891236304243803 -0.46792595891347677 0.0 0.0 0.0 0.0 0.0
134.655517578125 43.34474045038223 51.91555396106778 2695.22474308454 -0.0403073072707383 -0.7253072057200454 0.0 0.0 0.0 0.0 0.0
144.8155517578125 47.88938730955124 58.682771922524715 3443.6677205110554 0.21801058726986922 -0.6470078808678328 0.0 0.0 0.0 0.0 0.0
126.85498046875 40.35603153705597 49.03552726888461 2404.482934537526 0.012179728873296587 -0.6301253662088238 0.0 0.0 0.0 0.0 0.0
131.084228515625 43.30755853652954 53.037088124064624 2812.932716679797 0.20478960831954124 -0.4553836357496066 0.0 0.0 0.0 0.0 0.0
119.393310546875 45.455583572387695 56.12514222669542 3150.031589966789 -0.2532862479736928 -0.4412603261253891 0.0 0.0 0.0 0.0 0.0
113.9659423828125 45.020948857069016 53.856521472618404 2900.5249051306073 0.10489322570919518 -0.8351008174549563 0.0 0.0 0.0 0.0 0.0
121.024658203125 45.137726068496704 55.626500294218225 3094.30753498266 -0.16384359952340893 -0.4470134400561423 0.0 0.0 0.0 0.0 0.0
132.9019775390625 51.841200798749924 61.37482015761071 3766.8685493790585 -0.012368395711313871 -0.9329495567471899 0.0 0.0 0.0 0.0 0.0
124.774658203125 43.12832498550415 52.47156187076236 2753.264805157242 -0.1442929256372627 -0.5385727932592927 0.0 0.0 0.0 0.0 0.0
134.6268310546875 43.070379227399826 52.61732937281879 2768.5833503276986 0.13599589130768894 -0.5372602173829994 0.0 0.0 0.0 0.0 0.0
140.75732421875 57.679240107536316 67.83240886847793 4601.235692900364 -0.012381275602978139 -1.0688063204487022 0.0 0.0 0.0 0.0 0.0
125.9954833984375 41.44697219133377 50.48711181714485 2548.948459636887 -0.012073362525219107 -0.5786810002963483 0.0 0.0 0.0 0.0 0.0
133.8841552734375 49.384923458099365 60.23827779333569 3628.65011150708 -0.05303815225713429 -0.598887743966332 0.0 0.0 0.0 0.0 0.0
131.2239990234375 52.04539355635643 61.85126551261818 3825.5790455123906 0.032782198658852825 -0.9013269683111833 0.0 0.0 0.0 0.0 0.0
125.437255859375 41.88359135389328 50.93345215662636 2594.2165485913465 -0.08263974560063363 -0.5303638874590684 0.0 0.0 0.0 0.0 0.0
136.0714111328125 43.79983910918236 53.45506229609724 2857.443685079637 0.13020315596731658 -0.5394623717851381 0.0 0.0 0.0 0.0 0.0
126.4017333984375 51.32578095793724 60.58936006001956 3671.0705524826935 0.0017041456714525225 -0.9564228345739729 0.0 0.0 0.0 0.0 0.0
144.1890869140625 46.11764234304428 56.3865784935088 3179.446234204629 0.1707142760741727 -0.6122898877927851 0.0 0.0 0.0 0.0 0.0
126.7894287109375 41.249376744031906 49.9415502148446 2494.1584378618445 0.0022484442229501393 -0.6405163849833695 0.0 0.0 0.0 0.0 0.0
140.7987060546875 45.28300505876541 55.63258600276611 3094.9846253551677 0.19579957346680874 -0.5146147644010699 0.0 0.0 0.0 0.0 0.0
126.7037353515625 44.578373074531555 54.7209767525427 2994.3852967523185 -0.0996905103424927 -0.5414512698475415 0.0 0.0 0.0 0.0 0.0
133.3631591796875 47.046866059303284 58.071868508171235 3372.3419120303297 0.2705532842697814 -0.4749917972395594 0.0 0.0 0.0 0.0 0.0
127.2762451171875 40.57665407657623 49.14259094281953 2414.994244573288 -0.03913492448122531 -0.6653288574745693 0.0 0.0 0.0 0.0 0.0
126.1954345703125 41.467298209667206 50.48292012091975 2548.5252239351644 0.09820988980944449 -0.5381421004574731 0.0 0.0 0.0 0.0 0.0
127.97802734375 41.904895067214966 50.84804689606006 2585.523873143923 -0.05021887514239414 -0.5987352949019495 0.0 0.0 0.0 0.0 0.0
123.18310546875 51.077433824539185 60.26737655697157 3632.1566770598065 0.026452858539495517 -0.9590511049507193 0.0 0.0 0.0 0.0 0.0
126.542236328125 43.537020206451416 53.26821789998995 2837.5030382408095 -0.01309445775113854 -0.5554308275446398 0.0 0.0 0.0 0.0 0.0
130.7413330078125 41.91512271761894 50.91376831236853 2592.211803765542 0.13190104335314393 -0.5055037620411378 0.0 0.0 0.0 0.0 0.0
128.6968994140625 41.38389712572098 50.13122372720808 2513.1395923873906 -0.04742049673138705 -0.658375476853978 0.0 0.0 0.0 0.0 0.0
128.743896484375 40.11079823970795 48.114738306906645 2315.0280423421095 -0.041085223261025317 -0.7476765990440137 0.0 0.0 0.0 0.0 0.0
129.2957763671875 41.58131089806557 50.65231948928907 2565.6574696450134 0.11549722935944007 -0.5328911957598406 0.0 0.0 0.0 0.0 0.0
126.781005859375 41.16155153512955 50.25146279891566 2525.2095134308042 0.0711551411218791 -0.5001853203787072 0.0 0.0 0.0 0.0 0.0
130.1571044921875 43.63532596826553 53.24398179766834 2834.9215976704377 0.23335887199665942 -0.4856972671475619 0.0 0.0 0.0 0.0 0.0
131.0565185546875 44.27285677194595 54.30468000352805 2948.998270285579 0.24516019287980365 -0.4268290471149263 0.0 0.0 0.0 0.0 0.0
