0.21866680725845788 20.07967313585291 199.04902962206333 134.0541368743616 0.9560546875 0.46437689096908297 311.6363636363636 0.049680138023929774 235.55179344231797 11.377666289386609 1461.0091930541369
0.2482190346308397 11.431968295904888 100.40290620871863 156.61690885072656 0.7392578125 0.34952350213114397 581.8969616908851 0.04299624687456864 463.1464679269526 4.919899878662797 2442.982826948481
0.19331948291864215 19.063039723661486 252.03454231433506 179.29533678756476 1.130859375 0.47791746099340665 269.4922279792746 0.07096464193340822 210.04867319163057 9.634154425104699 1375.0302245250432
0.17138098899764245 26.093939393939394 148.27878787878788 163.26666666666668 0.966796875 0.3737324317073952 441.9737373737374 0.023216877561627013 420.70013461642793 11.728223667099394 1037.9585858585858
0.2738634689181459 15.925490196078432 168.0392156862745 158.2019607843137 0.99609375 0.41255383006587093 233.10980392156864 0.0808244268099467 109.5709383945839 7.072565358754839 2526.2598039215686
0.17306771930566486 19.164619164619165 180.00900900900902 193.6175266175266 1.1923828125 0.36665448093045344 254.92055692055692 0.033071442572041476 232.67438683912073 7.713550675116338 705.9295659295659
0.14787411995983998 23.904587155963302 239.0091743119266 155.84220183486238 1.064453125 0.4819318716330499 301.4697247706422 0.04808937737701136 202.42216150126325 13.175902220945577 2633.1853211009175
0.18368353058493644 23.02071973827699 113.53653217011995 141.94656488549617 0.8955078125 0.30122078460319507 446.96619411123226 0.019724912965830697 405.7332547685962 8.65664650766846 1792.1832061068703
0.15110068692151027 21.320524835988753 211.69540768509842 173.79850046860355 1.0419921875 0.4534503906127832 394.93533270852856 0.03392972204320992 361.6565158776066 12.82042923792503 1050.9700093720712
0.19248691532346937 23.07523148148148 95.86342592592592 115.20833333333333 0.84375 0.30039537479280154 501.39814814814815 0.01933151759483196 474.90587654820195 8.469461041360638 1209.78125
0.23845627211561107 14.43560606060606 102.82323232323232 145.5429292929293 0.7734375 0.3595059287878269 448.15656565656565 0.04523347182707353 383.531427537552 8.034452960191198 1233.8320707070707
0.24433982195978957 13.734926052332195 127.42093287827076 172.7042093287827 0.8583984375 0.3835128964192408 408.64391353811146 0.041649637775616435 334.91766579620395 8.076024809516174 916.1262798634813
0.21041783625945384 16.696969696969695 134.58658008658008 150.9069264069264 0.90234375 0.3852832153057707 275.5865800865801 0.045912741066573504 208.73014696129474 7.159172414617659 1564.607142857143
0.21921708528385606 14.192558139534883 216.4120930232558 218.2186046511628 1.0498046875 0.4601290289349556 293.61302325581397 0.05208619893983353 204.48080239939137 9.46384950951187 1365.633488372093
0.17151116844791695 17.721476510067113 227.36073825503357 196.83892617449663 1.1640625 0.44187994423040033 284.1090604026846 0.046457190641620814 253.43217957259824 9.775640483558591 687.7743288590603
0.17257902081571103 23.5771375464684 163.71003717472118 149.3364312267658 1.05078125 0.36835397923672825 364.52230483271376 0.031411213059407625 343.0910440891649 9.007006581653558 1108.7853159851302
0.22325184405238852 17.437092264678473 232.70922646784715 172.7502329916123 1.0478515625 0.4791438248460603 339.51910531220875 0.07293719214362067 294.82095260122395 11.326161681786665 878.1845293569431
0.23390198829904588 11.48456057007126 91.02375296912113 174.7149643705463 0.822265625 0.2854971906106718 488.63420427553444 0.03660522546451052 454.9076662765829 3.5637327701445725 979.1567695961995
0.2694741058514605 13.164359861591695 275.8961937716263 205.7750865051903 1.12890625 0.504896606878895 195.78546712802768 0.09356899616215056 107.38906870911278 7.329760426123782 1556.4359861591695
0.22096567866445957 20.602011494252874 80.91379310344827 104.94540229885058 0.6796875 0.3045852253180574 750.9166666666666 0.023030932607321905 709.9253202197195 8.758280993047192 2040.0143678160919
0.17486633803713975 16.260696517412935 157.7820895522388 205.96915422885573 0.9814453125 0.3949389543301925 362.86169154228855 0.0350876990835465 312.0903621237076 8.479127288522736 1021.7432835820896
0.19971358123703384 20.03233830845771 83.94029850746269 125.03482587064677 0.78515625 0.2602332351100211 563.094527363184 0.014692742433120956 535.1897156179248 6.900798721764976 1229.5348258706467
0.17578973906483303 21.5673438675696 310.2942061700527 187.17005267118134 1.2978515625 0.49867076273386546 146.18359668924003 0.05739259899245607 36.48677371838112 12.758110030254656 1816.1241534988712
0.1953139033606044 16.814946619217082 174.067615658363 205.08896797153025 1.09765625 0.3979945486643118 194.81138790035587 0.048261493974733186 126.00159807307016 8.617862089460427 2048.6628113879005
0.17395965964553478 20.6427955133736 223.35202761000863 170.94132873166524 1.1318359375 0.4492552284105877 239.4823123382226 0.047295925018600186 182.13439938773155 11.488237038718848 1312.8955996548748
0.1922335286006749 19.157009345794393 146.19065420560747 155.26355140186917 1.044921875 0.3628020626834224 262.9140186915888 0.04868181509392284 195.7366674120181 8.442170456870446 2277.2897196261683
0.193511383982893 15.924387646432375 128.580404685836 164.81043663471777 0.9169921875 0.34678155814227885 479.26517571884983 0.03824675882967135 451.80791056575106 6.2916112626728475 1128.1757188498402
0.18934036336174703 16.65351223362273 247.27466456195737 230.1854775059195 1.2373046875 0.4530276453176064 150.17995264404104 0.05170462728017131 72.07103839443721 9.536606412398207 2028.2786108918706
0.18668045464509764 17.527173913043477 234.7888198757764 230.03726708074535 1.2578125 0.42763258549221855 135.97049689440993 0.05293415088831268 65.24253376078161 8.474895934566895 1578.8602484472049
0.25890887101637516 16.833486660533577 197.11223551057958 164.27690892364305 1.0615234375 0.4346792498101335 200.83348666053357 0.07762648188530466 70.98132408443897 8.405011747521092 3075.265869365225
0.17851517155485333 17.130188679245283 167.73584905660377 183.84150943396227 1.03515625 0.3932862693455289 332.1094339622642 0.04184572404285647 294.8636013966686 7.82841456741706 993.6443396226415
0.33090771359268395 12.73284200829111 591.8171349608475 395.40350069092585 2.1201171875 0.5395671633567714 48.51865499769691 0.12758506228439492 22.253226654038677 8.172594150596305 796.174573929065
0.19524474773288725 18.38263950398583 289.7298494242693 171.2090345438441 1.1025390625 0.524824790841153 234.65721877767936 0.04661728324248159 156.01391228539845 12.180682532401176 1290.9875996457042
0.23798597599314797 12.986058301647656 69.41825095057034 146.6831432192649 0.7705078125 0.2602977523956367 439.95437262357416 0.0334082702871209 344.78677255995524 4.107653145246948 3268.510773130545
0.18240201991537344 17.654150197628457 167.60671936758894 172.12252964426878 0.98828125 0.4039878324738778 333.0197628458498 0.03917584164811688 259.33702274367744 8.373263397334286 1675.3754940711462
0.2301035222904901 17.38259833134684 320.7377830750894 267.1275327771156 1.638671875 0.44211713300728717 76.81525625744935 0.05898623017503195 39.77574846997449 9.280822666428877 1236.3492252681765
0.19434486971579962 18.547561950439647 202.56195043964829 194.0519584332534 1.2216796875 0.3901489209683721 200.14228617106315 0.049220621442909146 144.5269961764963 7.8422785666757155 1602.6266986410872
0.182970857658478 18.289494787489975 240.33119486768243 213.2485966319166 1.2177734375 0.4470118035494373 191.4867682437851 0.04670834636917665 101.41844719318551 10.369585196836292 1841.5445068163592
0.14256377584615332 22.588375796178344 230.68630573248407 226.05095541401275 1.2265625 0.430148613036291 189.2404458598726 0.03591673161573471 127.51616878873983 10.76348782887822 1734.437101910828
0.18416180239408395 19.801820020222447 160.2659251769464 155.04246713852376 0.9658203125 0.4096922132170583 301.7735085945399 0.04036906418834104 204.07236248513928 10.376936452608795 2628.994944388271
0.1614530424934314 22.139807897545356 137.60832443970116 151.94343649946637 0.9150390625 0.38197731584634154 375.1675560298826 0.02970028737820327 297.9412952858712 10.447885515777447 2370.1985058697974
0.15786925565085919 20.291838417147567 247.80956306677658 196.95548227535036 1.1845703125 0.4620891162922267 233.50041220115418 0.03527431849694311 169.20478145288027 12.039325539577984 1670.8920032976093
0.20990859485063396 13.91321118611379 161.7579556412729 192.1880424300868 1.0126953125 0.3983511982316193 221.1648987463838 0.0537600701202422 137.7604426031747 6.229827770845906 1615.4686595949856
0.23008891953850671 15.51958525345622 127.88940092165899 138.889400921659 0.84765625 0.3867399609816983 337.0069124423963 0.06089631148747036 103.6075681695191 5.820983071535045 8447.08064516129
0.24551591712437318 11.043695380774032 98.57303370786516 167.18976279650437 0.7822265625 0.3348152099888523 455.9325842696629 0.04575006077798565 374.75853394926264 4.195877069415595 1459.805243445693
0.21310231165500443 13.516057585825028 169.46290143964563 172.34440753045405 0.8818359375 0.4438280781802657 454.7530454042082 0.0650301922199338 349.1533263619424 7.825179506625448 1424.1849390919158
0.22121368318025178 12.991079393398751 223.6672613737734 262.12221231043713 1.0947265625 0.4550331477746424 309.02408563782336 0.07442349753775414 267.4986808565873 7.2811355801201545 900.3612845673506
0.16893935678325175 18.04069264069264 179.6268398268398 216.93593073593073 1.1279296875 0.39111916951509346 265.74891774891773 0.04388022319579021 221.90802626836867 7.293717492981202 1003.3376623376623
0.19879070763449067 15.010787486515643 211.62567421790723 165.8824163969795 0.9052734375 0.49407351773313285 486.4919093851133 0.053804462910212875 435.43990254325 9.135693283104024 1136.7702265372168
0.17980121178601785 18.056437389770725 153.83774250440916 218.3862433862434 1.107421875 0.3556072222682114 183.28571428571428 0.036395328175243664 112.42551642792986 7.070412917362853 2829.970017636684
0.19712534533527676 16.508196721311474 63.315946348733235 126.41579731743666 0.6552734375 0.283910061049166 552.0417287630403 0.024312798205857484 334.2330814594661 6.224420678918293 5378.903129657228
0.16937055017194177 17.984615384615385 163.44786324786324 216.6769230769231 1.142578125 0.3686516105518569 172.38119658119658 0.03691947195265028 124.44664254473825 6.994243816598309 1631.9880341880341
0.17947158234926586 13.537181996086106 188.15068493150685 231.26223091976516 0.998046875 0.4345332022714462 439.35420743639924 0.04782865378721353 395.670501320796 6.556544626579958 1448.583170254403
0.18745085963668545 17.685749086479902 91.75030450669915 146.35688185140074 0.8017578125 0.32237351350536614 480.89159561510354 0.04518892529820989 402.71652431697123 6.238960204318582 2189.967113276492
0.1830730604746985 14.66984126984127 112.52804232804233 194.57671957671957 0.9228515625 0.33157516834324546 318.031746031746 0.029170504322758428 231.61730926352203 5.781713644276659 1689.478306878307
0.18142242964149127 18.473350253807105 80.71065989847716 137.51015228426397 0.76953125 0.29458000305383364 572.3934010152284 0.030983005683434192 486.70254733477753 6.539321041279514 3218.526649746193
0.2507043347260152 20.187599364069953 164.91732909379968 111.68044515103338 0.6142578125 0.5258130087256563 741.7965023847377 0.06341876134584364 477.15033470845185 16.235161102259166 3213.1224165341814
0.20806785716053142 15.980694980694981 77.05405405405405 144.65508365508364 0.7587890625 0.3000829857738214 429.74517374517376 0.02652073827029195 327.93993763573843 5.889029154911964 2740.220077220077
0.240975470456705 13.02568981921979 258.9581351094196 239.1883920076118 1.0263671875 0.5140616128765612 351.27497621313034 0.08207211734906024 297.2426942776318 7.954396115348775 817.0780209324453
0.17537502455136328 17.525974025974026 129.12430426716142 188.93506493506493 1.052734375 0.3325923985672803 187.72727272727272 0.03725546498909067 121.04075164653375 6.434853554384827 1688.7133580705008
0.188452773099423 17.957095709570957 151.7062706270627 160.24092409240924 0.8876953125 0.41378578717535197 471.50715071507153 0.052961036841599196 424.5839859193439 8.542223715163995 1254.6501650165017
0.17822089919388123 15.951289398280803 133.9875835721108 217.96275071633238 1.0224609375 0.32432139896254103 300.55587392550143 0.03128120300307542 212.62085651736547 5.711489650367085 4203.007640878701
0.20267758658899668 14.055378061767838 132.64217252396165 189.18743343982962 0.9169921875 0.3727079593626609 369.912673056443 0.04569538510518587 308.0410050299729 6.091644620709769 1112.2960596379128
0.17206125694491273 19.0 91.83353884093711 141.11837237977807 0.7919921875 0.3152337608801148 518.6337854500616 0.02600768462062323 444.0894676801162 6.7918423831953305 2863.872996300863
0.19556262559032372 16.269312544294827 268.5421686746988 241.18993621545005 1.3779296875 0.4385484894773388 149.86250885896527 0.05299329318364912 98.08248221426463 7.641137592915782 1007.6874557051736
0.19842642038939937 18.829959514170042 54.89203778677463 118.47368421052632 0.7236328125 0.23712863387871594 339.30634278002697 0.019461546188745744 220.14657217996162 4.935672433874019 4332.514170040486
0.23312044012797392 18.538883806038427 219.03293687099725 165.3476669716377 1.0673828125 0.45855505606139463 274.29094236047575 0.051378278915530914 91.03397240250457 10.913267831557368 2892.1335773101555
0.17783129451632837 18.810198300283286 94.5042492917847 122.41076487252124 0.689453125 0.3645844018224189 697.3342776203966 0.038496338274256026 464.0740078069671 7.524662020135402 11804.660056657223
0.21645928352854732 12.168280871670703 168.37046004842614 181.6634382566586 0.806640625 0.4641179532845678 562.6900726392251 0.05890713015133763 494.19881533421847 7.299323396338516 1195.865617433414
0.17788493129185268 16.60457142857143 95.10971428571429 159.49371428571428 0.8544921875 0.3125265612403496 419.53371428571427 0.03332950755528041 319.6333527832031 5.803525392350691 3695.3371428571427
0.2314168895068376 13.177989130434783 128.3179347826087 138.0923913043478 0.71875 0.4268193854191138 687.6413043478261 0.05924365637095078 627.739549305128 6.07131376164983 1325.0842391304348
0.2434541086193788 18.17047308319739 222.9983686786297 183.55301794453507 1.197265625 0.43172625518494817 233.49429037520392 0.0782583335484416 177.90054298886272 8.004949684221502 2366.184339314845
0.24571908955798724 14.111256544502618 126.95287958115183 135.3586387434555 0.74609375 0.41069500518444507 680.0261780104712 0.07741700822770284 611.1500373161276 6.275083719939809 1325.3246073298428
0.20554191473817923 13.625256673511293 126.9835728952772 190.67556468172484 0.951171875 0.35531757308531425 329.8069815195072 0.054651556318545486 272.7714465570156 5.385180933060849 1469.3572895277207
0.2476295903577643 10.788135593220339 62.31864406779661 133.92542372881357 0.576171875 0.320589821926102 802.3118644067797 0.03927946878691851 627.3972682629601 4.610339584377789 3958.0491525423727
0.2089084214544435 14.711930164888457 137.84772065955383 184.34238603297769 1.0068359375 0.3606317063452565 234.93113482056256 0.056973488323903566 138.58934526415732 5.7631355744094845 2222.712900096993
0.2037115886887617 10.799385088393544 238.88624135280554 324.5849346656418 1.2705078125 0.4353933117202287 185.1652574942352 0.06158885325403236 136.5419238572117 5.161905318042972 1184.4073789392776
0.16799574172472317 18.17453798767967 126.84188911704312 180.60164271047228 0.951171875 0.35599631968486695 322.23613963039014 0.037102518140412946 236.87872986529152 7.116986276035186 2535.794661190965
0.1999764269150156 15.308323563892145 160.05509964830011 156.5896834701055 0.8330078125 0.4447899761892566 528.0890973036343 0.04883421208067488 456.87572023988747 7.650411014792828 2810.504103165299
0.18495640011888054 14.420100502512563 119.86834170854272 213.33768844221106 0.9716796875 0.32086735283045525 339.7246231155779 0.034060980446973636 262.62671416776266 5.341738770359246 2721.96783919598
0.19538322408148584 16.31648936170213 89.8377659574468 146.36702127659575 0.734375 0.3365106361104947 540.6010638297872 0.021329009786565253 434.6683380451608 7.390482201770999 3103.9148936170213
0.15222718399519458 18.462612163509473 156.57726819541375 185.06580259222332 0.9794921875 0.3959605747256472 386.45862412761716 0.04051432652345089 288.4146361878719 7.756686495394821 3581.7078763708873
0.3380666669834866 13.21629213483146 30.5 64.07303370786516 0.34765625 0.2446701542847202 2054.747191011236 0.030283991540415903 1946.7298416823483 4.2467506833340085 6737.311797752809
0.1713891424191226 18.85859872611465 122.81656050955414 126.93885350318472 0.7666015625 0.39789352267038874 554.8254777070064 0.028857969782155032 393.8147731124975 9.923196670984769 7053.913375796178
0.17251522637879155 18.25356750823271 137.62568605927552 193.4676180021954 0.8896484375 0.380773708451241 443.8814489571899 0.029762669530841314 366.9207616778812 8.170814474644184 2478.7200878155872
0.15846218038921708 19.085889570552148 122.00858895705521 140.08957055214725 0.7958984375 0.3923483074167772 429.5533742331288 0.044512031999833744 219.26429065166076 7.5948316045434705 6618.449079754601
0.18800164430828417 13.685381355932204 187.88771186440678 223.85593220338984 0.921875 0.4575626404169317 471.54237288135596 0.04826046097076545 403.7625283710027 6.726663001485761 2306.697033898305
0.1484581532369133 19.215921483097055 122.6226826608506 164.5288985823337 0.8955078125 0.35415566345298655 450.5823336968375 0.03397891981651115 279.5241535482126 7.373443688372317 7511.727371864777
0.25556571616066825 13.537698412698413 94.02380952380952 90.82936507936508 0.4921875 0.4408226119393519 1385.9444444444443 0.05225718801929837 1330.0392953176347 7.7110208904776965 2178.0793650793653
0.1651294018848833 20.0855421686747 99.43855421686747 130.2144578313253 0.810546875 0.3331538354712349 473.93253012048194 0.030838471435638795 381.257605918057 7.410485949021054 3447.7807228915663
0.2630761436481572 10.481155778894472 152.39698492462313 176.19346733668343 0.77734375 0.4446885164263277 622.0201005025126 0.0783434606077683 543.0299789198679 5.181910571705674 2275.579145728643
0.17168617248535156 16.584615384615386 105.95384615384616 171.2153846153846 0.8251953125 0.3485975027018393 422.712426035503 0.03572001993303468 284.01368402785806 6.546062878678438 3483.4130177514794
0.219143419939839 14.550405561993047 172.17033603707995 148.8794901506373 0.8427734375 0.4583587172038149 520.7949015063731 0.0555075344868082 470.53740263372003 8.291618564023695 1202.811123986095
0.1812793888996557 18.682474226804125 138.15051546391751 168.3216494845361 0.947265625 0.3736294840973473 320.6020618556701 0.032331509934258214 238.7668374916942 8.374023842635477 1688.9360824742269
0.2090729142712281 13.389380530973451 194.97566371681415 180.10176991150442 0.8828125 0.47621977884737293 599.141592920354 0.06197547015890611 545.7594267921111 7.664179276641818 2198.966814159292
0.17328953558160354 17.07073643410853 145.15697674418604 179.7422480620155 1.0078125 0.3632844169546737 330.32945736434107 0.03676474510237228 288.9338281025258 6.629269852078048 1477.2781007751937
0.26412221802328856 14.520452567449956 192.27067014795475 204.62053959965186 1.1220703125 0.41589333377683163 168.48215839860748 0.07397524225286446 89.36608801726365 6.816176686501207 973.9469103568321
0.21856708183827234 14.080872913992298 102.73299101412067 140.2785622593068 0.7607421875 0.3660002263830729 429.75353016688064 0.05130479485752953 304.7985529771053 5.89222861412671 1904.4646983311939
0.26465090820333637 15.954293628808864 217.75761772853187 241.43905817174516 1.41015625 0.38411240632545374 92.5595567867036 0.05754994256344528 68.97532898963654 6.926008554844451 553.0803324099722
0.17824256494178536 17.421325051759833 142.2753623188406 183.95238095238096 0.943359375 0.38655284354235453 288.85300207039336 0.03841090844037864 175.365637295488 9.312122732572925 2302.055900621118
