0.12292866315692663 1.454620361328125 50556.47287397964 7566.185123217603 0.7639131514522699 23.482208251953125 210.75707798743048 2.9328268655167924 3.4612028728203827 1.1321473762473602 1.0195625848215601 -0.6038053630622493 0.9697390823682049 1.0322884155258936
0.03833141038194299 1.75067138671875 158866.84297680898 7900.495576768691 0.6938857205361599 24.249267578125 172.77461233540453 3.468756191117277 4.18803018260583 1.201552739719773 1.1695514728497727 -0.5532632009257235 0.9747976107453858 1.0552104121250836
0.20462418207898736 1.2965087890625 17520.36444897471 4412.172888626921 0.7870238871335101 17.85089111328125 186.19860467555395 2.427568761988682 2.879928157854937 1.0288567473055537 0.969431827015793 -0.5563121610778415 0.9354338653268347 1.0563749698337717
0.12104132678359747 1.538787841796875 40098.205486877676 5866.777583725533 0.7497673361292664 20.502838134765625 220.36118892719475 2.87563021956812 3.465531618004911 1.148314733638074 1.0829900625048245 -0.5635672678036674 0.9601769015744714 1.0919307595252798
0.23269341653212905 0.746978759765625 30742.137250372874 7486.853748624737 0.8133205506888386 23.420928955078125 309.4804448484011 2.5656187908980046 2.937170717859106 0.5861128533247779 0.8434549067527607 -0.6555741715121036 0.966206844607891 1.0535592030708287
0.11248759087175131 3.84295654296875 43503.99769719872 7206.250842490757 0.7736287743272992 22.53729248046875 169.81161088683643 2.849385473120172 3.34456078337579 3.3546488608926666 1.0196163590136107 -0.5800339678278936 0.9608654690596161 1.0911180502615583
0.14637639932334423 2.004425048828125 38100.251774651115 6657.041501936867 0.7874633896707742 21.846527099609375 233.76110157469844 2.801755520516411 3.2834530104522015 1.6961955958036583 0.9794731746336484 -0.605071976825778 0.9652362740123512 1.0438652449643193
0.10969063406810164 2.426025390625 46067.962619584636 6620.639294508752 0.7764067712582433 21.6346435546875 215.55043867306176 2.9903640080939367 3.4899945113955146 2.076324633961349 0.9966478597680481 -0.6000764998640544 0.9696557385133581 1.00709154414117
0.05945567740127444 1.044403076171875 116774.047761819 8801.039827940187 0.7339693534693243 25.524322509765625 199.62050653806597 3.3976074048043814 3.9753750361542086 0.702486277907667 1.0229121766657285 -0.600466214178515 0.9796595491214523 1.027487666186375
0.11122162220999599 2.838531494140625 57784.33633839865 8638.917371419688 0.7436275666404263 25.114898681640625 219.88083607546065 2.9451747957900722 3.516206429371213 2.3381467128697864 1.0960031199678961 -0.5616232152212145 0.9611518522103067 1.0640144088257757
0.06763037666678429 0.8294677734375 138005.32225786312 17037.760777303665 0.7629059372231904 36.09149169921875 185.62474774599673 3.0709357610762686 3.540736320947283 0.5756471327733834 0.9446781708097282 -0.5931747296709721 0.9694143091705723 1.1274549480135663
0.08391602244228125 4.604583740234375 87514.9372929154 9642.390970125794 0.771854072722647 26.350006103515625 232.9113610952341 3.073391577270237 3.552736747832916 4.091136462655925 1.0158591418345646 -0.6223928752621914 0.9755307417875863 1.1017095588264525
0.1668326356448233 1.06292724609375 25219.234535211122 4712.508117480262 0.8021469840387968 18.04974365234375 238.7570677090846 2.573397082863434 2.9898954844060537 0.8536705032247482 0.9066979757816223 -0.6136502339917224 0.9578969799938418 1.0763159178389925
0.044418173376470804 2.253143310546875 174625.79838919578 10378.06672348037 0.710310012766412 27.662139892578125 233.23551038385455 3.3929034845635395 4.084170540949949 1.6953680625807124 1.1559377611551092 -0.5590124960117437 0.9740161164296833 1.047929931313237
0.11155783478170633 1.041351318359375 58420.48480936761 7196.778684756151 0.7823681777322311 23.092926025390625 233.6471394301439 3.0156893485386362 3.489294419220421 0.7986046940346228 0.9465706060711648 -0.6380009137288178 0.9769718403064215 1.098333895313891
0.09665127191692591 1.1051025390625 71615.23237245007 7847.685068383156 0.7631046003715333 24.07623291015625 222.17766922832402 3.172544187158984 3.6977205527781236 0.8153529755547879 0.992155232893524 -0.6227768289958252 0.9784719225950972 1.0723235445543864
0.06666380073875189 1.36297607421875 97003.72856071302 8071.520457137317 0.7442640925681459 24.30511474609375 228.21873488615188 3.2260571849126154 3.79717360804369 1.0024154623572485 1.0487002056622514 -0.5947849482866613 0.9754219190250484 1.0776052200869235
0.06543948547914624 0.802032470703125 150356.64754842562 12235.50818803093 0.7602655962591801 30.254913330078125 283.85690902354145 3.2111292969163525 3.6800793793868687 0.5528739473730298 0.9271704192172318 -0.6359567249730298 0.9802719912349865 1.0674218125167565
0.08794509060680866 0.826934814453125 60382.809780865355 6739.470635617909 0.7882187082108233 22.021331787109375 182.71115332854203 3.003551500395537 3.425220349268832 0.624355080467069 0.8854789499179294 -0.6380825022253278 0.9756254613412098 1.0470938700343462
0.19308715919032693 0.689239501953125 19605.815070991724 4802.012449854767 0.8262781693930494 18.447357177734375 186.99158107555428 2.393209897856104 2.734925943095681 0.5499221096638962 0.809454224137942 -0.6200592956419251 0.9495379208304299 1.0726858685389176
0.19655168615281582 3.603912353515625 14781.396597302914 3673.2856249768033 0.8123873586723729 15.730926513671875 164.83207284415772 2.371715403176848 2.7832887708054415 3.2698698471131706 0.9065623303774576 -0.5792066823165638 0.9388312271175789 1.0387761850481325
0.1233366746455431 5.181732177734375 40444.94598062214 6381.540311611843 0.7461471131895585 21.036590576171875 277.99072979056666 2.9263181922461126 3.499882288309899 4.513287791740424 1.141981637221278 -0.5567847702889082 0.9593669505228476 1.014249435267902
0.08418593928217888 0.9554443359375 122487.32672244454 13146.15695594686 0.7415837783206063 31.45635986328125 316.44522448936755 3.2165385068381025 3.7554851024880196 0.644851864726661 0.9871817368938401 -0.5999635887103248 0.9755618111067679 1.0727833658385935
0.13549609296023846 1.036407470703125 48151.010496673465 8032.883921028875 0.8072081989859086 24.126251220703125 258.59140246180243 2.747490875758558 3.1496118934646 0.8463204987170343 0.8738216661084429 -0.6363550313508711 0.9684117325644328 1.067462685168341
0.07782492646947503 0.85198974609375 106624.65659642602 9543.628922521573 0.7475146721738083 26.76824951171875 235.99586780911181 3.2808222731263283 3.8023401668611063 0.5644893716073511 0.97221246687668 -0.6244331209146097 0.9805872449664472 1.0347432636359846
0.0442618983797729 0.898284912109375 176395.39936675577 10532.737162207384 0.733183310871787 28.115631103515625 188.53052834657188 3.4540812975348136 4.019862858858114 0.5777668331784866 0.98477790261588 -0.6021546630183693 0.9806531865272543 1.0436126476758616
0.13983661076053977 2.4354248046875 42158.29658664555 6912.825313870413 0.7750822181828778 22.1917724609375 257.6178706899891 2.8718651996908644 3.389051019566241 2.04321853071815 1.0377887782474151 -0.5932961606093847 0.9654612169496573 1.057158201720538
0.239473769441247 4.82867431640625 22743.53165639575 6914.968758576797 0.7864581005873982 22.18310546875 247.524646320162 2.534613881401906 3.0142802963569317 4.332158111026956 1.0195889779873664 -0.5594079580387161 0.9426416920003695 1.0490321243140739
0.11516488995403051 1.6505126953125 47133.34354947588 6953.49100333008 0.7861968148902859 22.495361328125 161.70506590165678 2.896293217171173 3.3713453597258654 1.3691850590878403 0.9545090833091013 -0.6189096166403768 0.9706639489809818 1.0900797471980017
0.08563678385689855 1.9237060546875 85743.12489478165 9702.561561019407 0.7404334728597957 26.72674560546875 233.94818768166647 3.067839915575611 3.6927718219473804 1.489320697699668 1.1014248585788047 -0.5625215650419305 0.9661641285701562 1.065779042111321
0.052629806101322174 2.511016845703125 112678.35801709299 7864.062107250284 0.7216768707698387 23.881744384765625 188.5520297595745 3.3808504637758166 4.054504696469753 1.9553547288806499 1.1575700793626003 -0.5643128071049833 0.9745179618329126 1.024183992559734
0.16935673728585243 1.75482177734375 21284.574601894376 4455.409205340991 0.8058686108069664 17.7227783203125 140.81262555185913 2.6045004899529456 3.033378034300934 1.5012492203698002 0.9238101136527727 -0.6213169722570449 0.9613619444438871 1.0142156914401406
0.18851315509527922 5.226470947265625 18052.531902979634 5467.902814468616 0.8078466007660984 19.423248291015625 116.97705846788864 2.4832234428358677 2.9079433047858214 4.802291116593153 0.9353292535252106 -0.5672383006404669 0.9405918293325009 1.1462420304654686
0.11607678420841694 3.565338134765625 40937.01412155804 6552.281007327387 0.7950002258730419 21.403533935546875 155.5685792450068 2.887706764232384 3.3528901095629453 3.20451869206687 0.9563960283834622 -0.6173364459185985 0.9698651495252487 1.0466808225009625
0.04482215968891978 3.468536376953125 158618.88388821937 15835.910006233058 0.7383276681195775 34.618988037109375 114.75921016436001 3.168810870440111 3.757564697907561 2.949870183920723 1.0612142260685709 -0.5414539568951932 0.9625046877563388 1.0610051566241663
0.03743883455172181 3.294769287109375 208944.30269217482 12934.971764666938 0.7366801042515985 30.989959716796875 173.63613746588368 3.3625761546309016 3.9631848259851523 2.767018313919891 1.0700546787457708 -0.5681968399526789 0.9735201930443963 1.0881044117697067
0.0423763464204967 0.98992919921875 185084.22752508265 10364.412211143313 0.7524806890218838 27.68292236328125 213.36968987934802 3.4143172856013515 3.939799875767378 0.7050637094455396 0.9603863366362045 -0.621427683754758 0.9823313415339938 1.0837436834408243
0.07514750398695469 1.3802490234375 85134.27100475348 8717.124356362561 0.7338466765708709 25.3577880859375 191.24955124955977 3.0982869884157314 3.7006501925138164 0.9894295891508591 1.076562398795076 -0.5689389086766033 0.9678793675137329 1.0472539355208925
0.038738902658224106 0.801361083984375 181713.36872173756 12911.970789597892 0.7532202899994351 31.219573974609375 149.31046424978882 3.3564934273051064 3.8435020337161867 0.5377389570467699 0.9248226493712705 -0.6064172787007897 0.9783776339487642 1.033210058580859
0.1217449139803648 4.484161376953125 42073.66684950817 7173.825509834613 0.7761989275393877 22.554351806640625 212.56622609260882 2.8631365654572307 3.375699644876728 3.9860387104673123 1.0341471314862587 -0.5806430480539355 0.961964000770622 1.002198803657522
0.08481136057525873 1.779632568359375 67207.79851111135 7456.341962866792 0.7684622549444134 23.362701416015625 146.7465824722936 3.0813939987901295 3.6047269451256865 1.4482180706186796 0.9994078661144615 -0.6077782431064348 0.9739020619878649 1.1089510623112266
0.058015440590679646 1.21856689453125 159363.32701853843 9838.273230439416 0.7326613176498341 27.04644775390625 252.23694987775912 3.472434684277331 4.076114079418223 0.8477305961807815 1.055586785552302 -0.6093695704834594 0.9826004163760966 1.0285243599587974
0.10148424888029695 4.570709228515625 165433.81106369194 20090.364520616342 0.7717251194334893 38.771026611328125 365.92091415661355 3.122271431222263 3.6972555804489144 4.0171562324385945 1.077025207639868 -0.6186740574588765 0.9777699364957436 1.1296525621717426
0.09216955350711942 2.1959228515625 44820.80907251218 5807.403669776224 0.7788546887741022 20.4161376953125 111.71641921962237 3.0336871217701615 3.5438227692784765 1.8241861922726912 1.0166704545762726 -0.6013287610677411 0.9712266255127323 1.0568194734732508
0.03800851386040449 1.748260498046875 259293.55390623808 13638.20683444304 0.7056002323901992 32.136505126953125 249.24643141200164 3.4810151347038976 4.134766891187759 1.2717973935642135 1.083041893538435 -0.5741922370848921 0.9778309993064435 1.073136441490689
0.03198931785300374 1.50640869140625 295246.54841024184 11692.164771525511 0.7193608206420121 29.58074951171875 206.7524545614781 3.6134829872635894 4.234315492954693 1.08961461274248 1.0449111309879944 -0.5983818794469646 0.983235609992104 1.0525910335724682
0.03248612675815821 3.309783935546875 256167.85733153025 11081.670996528446 0.7408339153629825 28.523956298828125 174.46324349057983 3.5516182705841155 4.131023942368576 2.8217773659594627 1.0374873904840185 -0.6042040093578342 0.9826381449740658 1.0231666206954446
0.1294718557037413 2.197479248046875 43075.985188859646 7389.968532667554 0.7743140758769183 22.996490478515625 218.97373213929728 2.82448587850146 3.3503101460873124 1.8208088768679431 1.027503308461795 -0.5807426635703331 0.961224892199841 1.032885314473388
0.18729917146265507 1.29742431640625 26750.09478357051 7024.465877096509 0.7756071273009949 22.7388916015625 176.1244240953174 2.656484590380966 3.133021393134084 1.0237506124105948 0.9599515596757636 -0.5737999605090338 0.9519694852735239 1.1205792591212689
0.10231023514643312 1.584564208984375 48532.77596509609 6074.021357624388 0.7857517871451787 20.744232177734375 238.72350802856687 2.9904033740058202 3.444485847844432 1.3158600204852178 0.9318394895558421 -0.6223349140129487 0.9731206120192837 1.0998964441867127
0.1920355325564742 4.2080078125 32379.9411105536 8213.08113258968 0.7879724889717233 24.01458740234375 206.71676614286866 2.585924917334181 3.1048735698684893 3.7261322140896027 1.0353306597751937 -0.5737456909582633 0.950894080925683 1.0556369579907605
0.05658994568511844 0.711334228515625 94978.47040411203 9501.230070882957 0.7740129465340724 26.709808349609375 116.61413607075843 3.0400522762534368 3.487572966223366 0.49637828425471753 0.8863177379005696 -0.6004200180188645 0.9696695492231672 1.0447911966569512
0.13526034029200673 1.811004638671875 32711.65485430899 5690.247679307226 0.7738784102170119 20.122039794921875 191.1119500786827 2.78984670281927 3.2923791425433473 1.4746094764896611 1.0171150749393116 -0.5853328858941729 0.9606281515044995 1.0713139357741073
0.08641683589667082 2.26617431640625 76194.08549748013 9126.100710545139 0.7288331336233084 25.85321044921875 245.74917445970482 3.222788855885344 3.8274305491672984 1.7749367086362327 1.102789764056156 -0.5631745416410423 0.9695458969900859 1.0320182017411805
0.022770277224481106 1.775787353515625 326902.29719814507 11383.491688536073 0.705347014977943 29.161834716796875 158.48718126746377 3.591438531090336 4.250349473434183 1.2824330429594397 1.092733130520511 -0.5752450768347313 0.9798825449484669 1.0140606609254808
0.03387964703142643 1.356536865234375 251463.8725248506 11545.801221964939 0.7277475197788139 29.358428955078125 187.8467618595842 3.5005578427922455 4.078365092775153 0.9709726664710274 1.0376754556680703 -0.6015343286598366 0.9814636288965422 1.0260679229143324
0.1215274310670793 4.63043212890625 71315.72236945802 11201.411267893738 0.7636555695361954 28.63818359375 248.70705424518383 2.870436399558218 3.478537172069677 4.013941395533266 1.1208252225185416 -0.5702441813566514 0.9623119126710823 1.1427038971620056
0.06729764072224498 2.161041259765625 142924.50014844057 12829.041704348652 0.7217458269250634 30.958831787109375 231.09916948283313 3.2751019203140572 3.943039852547471 1.6667351126480412 1.1140383565986631 -0.5627680813399798 0.9719763885004457 1.0916456824913054
0.04411119129508734 5.54656982421875 340810.9332265381 16563.18478378757 0.7729497747613946 35.01617431640625 313.36405619555103 3.438792627689157 4.007043995304859 4.925138465947384 1.047319492578955 -0.6334052965129826 0.9849231275298965 1.1520831968926224
0.0655205980874598 7.1728515625 217226.20901691075 19287.71481500806 0.7281284644331749 38.02081298828125 238.4401126432988 3.3118267519233644 4.008960140536342 6.247069762470346 1.185458645719202 -0.5622476108452061 0.973211319875811 1.044362335672489
0.14794577984139323 5.007598876953125 37214.04593022632 6603.656992441269 0.7791080462961328 21.483306884765625 234.61991053421895 2.8875755312391953 3.377877234828845 4.517353254265856 1.004290676371379 -0.6109068922500245 0.9691405645087289 1.0062150006265467
0.06379515398293734 4.816375732421875 123458.42018923686 10872.354337210658 0.7577602441582416 28.101898193359375 209.58439289624727 3.1895091949669956 3.7337089456269412 4.206105197796262 1.0749751414891338 -0.5989025789012213 0.9749222428122344 1.0933048547648019
0.13938223896548152 1.66796875 39183.225689761166 6749.676467020712 0.768557223393297 22.09912109375 287.4603580566036 2.7930796377463363 3.307425183947675 1.3357385503340993 1.0201132410815859 -0.5650437216753865 0.9555734205737975 1.1520419064206036
0.08851834759116173 2.165802001953125 64681.91858588351 7125.601891054432 0.7585825123277805 22.574371337890625 239.11386323677976 3.082871875873592 3.6155831885261605 1.782070638578773 1.0306532491239746 -0.5938634134198916 0.9713482380671673 1.0876039629648122
0.031245477963238955 0.811737060546875 290959.39895378944 13329.26650453523 0.7500530292888257 31.803985595703125 138.24800813636017 3.5040294070162097 4.0129976629419515 0.5431605149120173 0.9199121657845948 -0.6155464647204009 0.9825734233098818 1.0531900108394123
0.02521435171365738 1.010162353515625 326430.7951817245 12567.333307963072 0.7322910659127024 30.781341552734375 131.25575211291886 3.6111264059737893 4.169205446963099 0.681577271336721 0.9735106379569834 -0.6041922049168689 0.9831733142333687 1.07852763826861
0.020565235055983067 1.105010986328125 374516.3693448277 10872.37865562414 0.7123403332783151 28.593841552734375 136.53975141976713 3.621920450436256 4.2419271485270835 0.7084356213300111 1.0430970187306456 -0.5877280232489763 0.9817601963368743 1.0071187158110095
0.08014954067766666 1.902618408203125 65618.7492920317 7797.8927713200665 0.7695046044285635 23.917449951171875 136.2605044413504 3.0285425467911815 3.5410584609420583 1.5500354895748956 1.0140998462917674 -0.5884390347249246 0.9683736137272855 1.121569004027983
0.05877925083041191 1.119140625 81450.6658015687 6540.974064748163 0.7626416244909195 21.68280029296875 170.50721645081853 3.215426715125592 3.73442835408588 0.8383352351158919 0.9691496449770587 -0.6105735501841199 0.9770727028082035 1.055473899516997
0.05877925083041191 1.119140625 81450.6658015687 6540.974064748163 0.7626416244909195 21.68280029296875 170.50721645081853 3.215426715125592 3.73442835408588 0.8383352351158919 0.9691496449770587 -0.6105735501841199 0.9770727028082035 1.055473899516997
0.0616018152795732 5.1190185546875 118151.73912126872 9664.998513275823 0.7202442714966376 26.360595703125 265.3018037057227 3.351080411243018 3.97928447535105 4.350704454127708 1.142822591925279 -0.577363218016681 0.9756399347170688 1.1545294178784105
0.09021183336153626 1.51806640625 83807.5959146082 9063.258470295517 0.7623382833724279 25.94970703125 260.44948760537955 3.0661940941886088 3.605050229618887 1.1897988742648522 1.018185806872512 -0.6011771307571734 0.9726075181921168 1.0590210977880459
0.06889623682945967 0.85211181640625 81085.41289341156 8963.134049147404 0.7698606365930799 25.922119140625 118.07264265080812 3.125330451134039 3.6024589017459197 0.6137436760845958 0.9209206306202121 -0.6090234856911474 0.9740927652094028 1.0547316504115702
0.05488401837646961 0.85162353515625 103022.9699829459 7674.092501176754 0.770595474843295 23.84832763671875 133.86504701908257 3.3131275440942973 3.783966636870433 0.611991243771854 0.9233973891450613 -0.6255083331422161 0.9804438212715278 1.0349537509104594
0.13280990859493613 4.47943115234375 51767.155786458585 8970.48649594197 0.7757063024182262 25.57928466796875 174.10003451125726 2.9466686949010157 3.4753946425733298 4.028497694393309 1.005876421488152 -0.6037130859374291 0.9700726881977437 1.03704053581958
0.15070206252858043 3.860015869140625 39968.767853585974 6766.210825191698 0.8012570474547862 21.787628173828125 268.94729244612256 2.707070870888478 3.1350111921546397 3.4270495743240303 0.9761291474677944 -0.638978561466849 0.9685571088933148 1.1610352749707171
0.09949011635035276 2.009185791015625 54766.34043243428 6249.983889020994 0.7513791295316516 21.144195556640625 239.39097518010163 3.04605499361994 3.632967448430084 1.57581428677355 1.0946243693683575 -0.5854997605403758 0.9699719606876805 1.0927155706448481
0.050441592931747437 4.379119873046875 104568.29558128405 8432.026455160754 0.7240923302990698 24.630584716796875 155.71347394387254 3.3276100871568177 3.9844347103261404 3.6851677242935352 1.1440905138927362 -0.552944992021843 0.9707099178552437 1.0780676320996025
0.27149358950555325 1.617950439453125 15908.243513925243 5264.7344927656395 0.8269490391382757 19.422088623046875 162.73017065595292 2.333115486301348 2.730274821055119 1.4224570109323054 0.850038926882411 -0.6173932495104674 0.9485470599565705 1.0141020865406256
0.2575653144158423 8.15301513671875 16385.60378959883 5236.277868868565 0.8017444616523686 18.81463623046875 198.88371376103373 2.3624536473134343 2.8447638507564386 7.400271483147662 1.0365335174365902 -0.5572404415566157 0.9340554751346248 1.095583803747486
0.34336463175714016 1.427490234375 10171.38232513616 3910.02489158487 0.8313999347168632 16.6075439453125 164.78826229897186 2.0436488741832393 2.414158153729948 1.2424426926211254 0.8434379634123201 -0.5962888807803173 0.9246240419934767 1.0339304468399717
0.16563628753647208 1.1209716796875 35238.04876745164 5956.533191146094 0.7962183757676748 20.522216796875 276.33487526720637 2.809057813591486 3.261589875996801 0.8945927196764387 0.926028605269018 -0.6390238646175908 0.9719553544763312 1.0722856336407292
0.0869670701213181 2.537261962890625 77263.1483983928 8176.682006173815 0.7528601943171433 24.227752685546875 252.85023393547186 3.157304639315194 3.734566096710557 2.092467646640273 1.0689349178809429 -0.5950619054718471 0.974202135740233 1.011720406205494
0.037086145021021366 6.047027587890625 207362.6725114928 11873.17879022943 0.7186795399921029 29.268829345703125 256.2844706172464 3.4676023919774495 4.15336813958726 5.172008566369698 1.185493555738409 -0.5617620753444139 0.9758430428998865 1.1328448659203885
0.12837470835074782 1.714447021484375 32334.868339477656 5079.848787151546 0.78166345286011 18.934051513671875 165.32215750922848 2.8678193147688695 3.355812954024357 1.4240674416597017 0.970822219489629 -0.6040442017189893 0.9670338539601506 1.0658043769883658
0.2998327063396573 1.64678955078125 10506.709689525707 3725.6044390465977 0.8285400846412136 16.17767333984375 139.19781378121866 2.133159152495918 2.5272359390325914 1.4433498716107351 0.8596217831976284 -0.5938414940802823 0.9304998098099077 1.0470995623427555
0.08928810758516192 6.801849365234375 44149.229846645 5301.4912018638515 0.802962758197372 18.970611572265625 140.10336986015915 2.990166847398839 3.4283596902781484 6.128462894981624 0.9925375023406937 -0.625319125217227 0.973323693467467 1.2953329221355918
0.04379973141476512 5.727081298828125 146261.5488805972 10726.59740760741 0.7712329313218388 27.761077880859375 131.2010994030075 3.3777309928374484 3.872505797979917 5.066566432959064 1.0375574137109225 -0.610498308504838 0.9795645597829831 1.0873152313992973
0.13671791879460216 1.371246337890625 41342.85570063398 6010.623832745436 0.7755457260027838 20.722869873046875 246.0118820368089 2.9729725252882178 3.48752077357408 1.0736563652690734 0.9978637138135739 -0.6202874761609073 0.9737114940230356 1.0251495146654213
0.0680062766186893 1.39117431640625 80621.67377796763 7046.3792382471875 0.7215638761280838 22.8143310546875 168.1356508023464 3.2988287092649635 3.9329905678444623 0.9630154665828741 1.0999675834293121 -0.5707513993759471 0.9734343660489276 1.031775748919636
0.05452780984342098 1.9439697265625 112345.67377457062 8381.26695336221 0.7172833921715108 24.86541748046875 190.48671303865035 3.387007183365913 4.0199798639678175 1.4542843476019698 1.1181876258526937 -0.5691858625358375 0.9748263909805008 1.071198452487062
0.03833507699891925 2.333038330078125 190797.8162866192 8614.634870939888 0.7209518249728404 25.096038818359375 193.38235954250337 3.5214090375423153 4.173890391724049 1.8219705680922402 1.1251749745589006 -0.588057578608677 0.9808053866261212 1.0455232547927322
0.024411901831626892 1.5635986328125 440049.5043742661 13881.651634598165 0.7103856940093343 32.4393310546875 195.1774089279943 3.6290640698939867 4.312906871783813 1.1012659135194554 1.098428653658697 -0.5759067777857905 0.9809304563336555 1.069594213439254
0.0368031426332891 1.013031005859375 283514.17411082465 12456.42521696189 0.7310173958928476 30.707977294921875 210.2395077397469 3.5548263775089817 4.15829961815294 0.6668529282388249 1.0224101962851109 -0.6055484019306421 0.9832155623697466 1.0811529898319339
0.08977548172697425 1.236785888671875 83611.13373179527 8030.625206401618 0.737327707012711 24.337615966796875 260.2614908543574 3.254414107960847 3.869824647315527 0.8690549226089956 1.0600093523604281 -0.5966718607664725 0.9771592905045728 1.046485702603026
0.15859889099374413 7.257049560546875 60021.17266863804 10006.559240657458 0.7721255196455494 26.780731201171875 421.7635623820243 2.7612406376861247 3.333811572543081 6.394082998720535 1.1444688346121492 -0.591350683339821 0.9634077768936441 1.1087147459986981
0.05264481622725725 2.479705810546875 141386.70238194332 9375.19519077806 0.6673476656162219 26.458465576171875 255.71296819087735 3.366574489555442 4.184761880465985 1.7009409713205628 1.2952564117261778 -0.513107251608737 0.9654986363435485 1.0860408662046472
0.05271663423627615 1.942535400390625 148022.0504111453 9003.988217482787 0.6797908856515026 25.809661865234375 251.58686152589013 3.420873280245976 4.191792416362662 1.2925858111853472 1.235744212915536 -0.5449687394221212 0.9731575589146765 1.0283806423887563
0.042299631517380476 3.09747314453125 138256.03555895857 12972.822247407647 0.7173979309249474 31.0531005859375 115.46790291858724 3.267075708180538 3.957127958472622 2.476915094068545 1.1502768065579634 -0.5088828930766177 0.9587163880555114 1.1328146344711012
0.03599498560652137 2.884185791015625 200801.75807663312 12126.411783326475 0.702662245238424 30.063812255859375 193.15086478121663 3.456574197639109 4.171555426117837 2.2678400716341116 1.164684030094512 -0.5388972696755964 0.971444295382599 1.0905198211620533
0.28978648595511913 5.1663818359375 17981.767425260932 6883.4837925365755 0.7938897958570037 22.2606201171875 196.20682052020948 2.3219384223657 2.7767258450613177 4.719079266709969 0.9769821349846939 -0.5520034942140168 0.928603836831507 1.0471447355142427
0.1883775470778346 2.335205078125 29950.949786390982 7165.094295413732 0.7658390542721286 22.80181884765625 231.77249885411607 2.7698958035038963 3.2901939965805536 1.9432301146773625 1.027366766591909 -0.5749738380184114 0.9577906237233801 1.063863696764744
0.12204226898029447 0.92926025390625 62244.64798287099 8850.417269395795 0.7723910933382565 25.59600830078125 227.518634643244 3.011063802102151 3.5262371611260748 0.6761215515180083 0.9575629346396642 -0.6245343842161073 0.9753583062698246 1.0320602480231458
0.05690168682485819 1.137908935546875 121703.33044839517 10127.749746355825 0.7272269475930553 27.496856689453125 166.1047181665536 3.2796776398986367 3.8797134400720017 0.7702526356698058 1.0399391107232974 -0.572433466694178 0.9726868922040267 1.083256763956433
0.062961352057755 1.45660400390625 124758.8891111087 9441.905620777961 0.7338373836560884 26.44952392578125 231.75644327534087 3.2766484822631017 3.883059994825278 1.0674762602175178 1.0668240367888135 -0.5922756871369166 0.9766128677457921 1.0545866325856421
0.06485702004283667 1.18853759765625 131293.3147315288 10460.01966984164 0.7151578546783314 27.9136962890625 263.51452039331434 3.394686713241522 4.0222558866585265 0.78342580149274 1.0652022413468336 -0.5838690936841322 0.977620748725228 1.0417459315298265
0.0754969622939825 5.897216796875 88165.54056213268 10598.169782918125 0.7163850043510964 27.604248046875 204.54867675164496 3.1408541693663623 3.80599337112858 5.080456206135068 1.187526075943827 -0.53713376526861 0.9626323094718624 1.0253161460171416
0.3028785390779376 4.76385498046875 16923.901445043375 6271.0293761507055 0.7976380269369071 21.01123046875 224.28531038366782 2.328285136691584 2.781097288031142 4.24603090378514 1.0089603999872738 -0.5647986918555848 0.9336312262997738 1.0159557036786253
0.05468087876215577 1.062957763671875 137500.50362169347 11797.465924701202 0.7416471053483078 29.639373779296875 207.14840080448545 3.234596151138115 3.783934809911379 0.7463316663097999 0.9849461476552576 -0.5867722613206682 0.9736010472793002 1.0778971324672113
0.08629197487607598 1.19024658203125 54399.59190800022 6116.460852407152 0.769106204251659 21.082763671875 156.40076741090525 3.089635358135462 3.5950343395454327 0.909506438824792 0.9824525456596946 -0.6114037422644862 0.9743872588966295 1.043703925851528
0.13151456555351615 0.84857177734375 33365.661567877054 4971.298261558146 0.7880081376441213 18.8875732421875 197.78646292218855 2.8342829161052565 3.279121543357502 0.6329016230413345 0.9190554742007057 -0.6304354689139385 0.9706802547349931 1.0620413392013204
0.18519030418246984 0.82855224609375 35116.04547979928 6559.742718655631 0.778456835238845 21.9005126953125 273.07301762269435 2.8473985150029333 3.321638525875372 0.599057544006655 0.9321227265082415 -0.6373696484080533 0.9731153510027198 1.0588038303050078
0.03787140967324376 1.467010498046875 169837.1781515006 8867.027638820447 0.6961109888868032 25.687042236328125 171.3714160898781 3.459789788351393 4.151484907280772 0.9808086531552931 1.114267074234105 -0.5593664346012613 0.9753428065899353 1.0332767500462192
0.06546160858124495 1.306610107421875 164805.34340056847 12729.508256679892 0.7508860988138013 31.012481689453125 358.4796633056586 3.2335251425981255 3.7744850055271937 0.9667781628241414 1.0349687246229946 -0.6111153904664391 0.9779227378876365 1.11890799666355
0.06898659374564886 0.83056640625 80366.02347106578 8239.07274004916 0.7717959650518237 24.64984130859375 170.28001265995795 3.0491347893715885 3.4953586392984386 0.5972809150246121 0.9176223333764557 -0.6081946737220817 0.9714941146851502 1.0853169132763256
0.06608798122033477 0.7091064453125 80577.08722850507 7214.163406123929 0.7762278803982828 22.96746826171875 157.92070561866262 3.243336349380863 3.6573330661746657 0.4995679700716664 0.8741226238375326 -0.6429916957307288 0.9809491286667359 1.098735966111319
0.21525401156395674 10.84490966796875 23796.61090233782 6289.3285286428345 0.7916525916128616 20.6134033203125 240.89162834783292 2.5212647553226377 3.038278692027715 9.92007544392618 1.0555129839280046 -0.575230165596838 0.9487527247493031 1.1982223738171947
0.23188517475500703 9.543853759765625 21695.95437944777 6033.337355609261 0.7894311037782893 20.201324462890625 222.2293453291855 2.5358078196118266 3.071891317228327 8.67159695499737 1.0753285096229017 -0.5795271925574048 0.9513720171663446 1.161647124892546
0.19374327873811126 3.865142822265625 19983.926256498347 5332.306986963573 0.7838901600299489 19.285247802734375 186.2846148514787 2.519840865853731 3.027959151252492 3.3908022343198922 1.0332554878693612 -0.5403603785819462 0.9365473473802571 1.020363200452328
0.02436692174524069 2.231781005859375 411200.85410140984 11950.048570134677 0.6884201926112319 29.918609619140625 235.46805463161724 3.682656807023618 4.443915783908899 1.6238169126700654 1.1778221973875964 -0.5542430804954295 0.9792365824793456 1.1094455436229886
0.10895033879205585 6.241485595703125 51757.60586289732 7554.966890274987 0.7677138279203131 22.982879638671875 238.2544944230504 2.96925195351867 3.5169878745399283 5.6485965743464135 1.0571086065459332 -0.5890624350552851 0.9679024822108528 1.0410222865454257
0.22375763673335314 1.495880126953125 14258.992478920489 4439.55009965045 0.8064288908871841 17.666412353515625 140.1943339059804 2.4401535018994713 2.839243667535822 1.255191822469044 0.9038750962025083 -0.5728474528089506 0.9393261233738168 1.0355819559512598
0.2590990448370576 6.467041015625 23766.445847484676 6355.086591344547 0.8117247315661655 20.97406005859375 321.40469131237137 2.4073865145129703 2.818306942548784 5.945577646576794 0.9542657156044348 -0.6349489200118457 0.9570898246628607 1.1940083186151458
0.1843318664468825 5.5101318359375 39456.715313505694 7789.88745388438 0.787694306997368 23.426513671875 330.0736987104501 2.7599494831025795 3.250184437312305 4.932175438621925 1.0414355591041529 -0.6249857336482841 0.9687707646546747 1.1482662544271258
0.10224138805642724 2.615142822265625 61472.91326768023 8929.409404679449 0.768874990566866 25.297821044921875 186.25244714783372 2.966117135298889 3.5231946508838585 2.186218197700839 1.0501368971035931 -0.5730559318331587 0.9642758249727611 1.093377625160236
0.1907849796116352 5.672698974609375 17794.38363815942 4559.012801912995 0.7959825869366366 17.427581787109375 164.14595102519485 2.442320251037849 2.9076453154175304 5.047914247742085 1.0468167137605344 -0.5558628025199791 0.9365953586204763 1.0149877717819662
0.1199392220005393 7.46270751953125 73008.2952065204 12007.490898315385 0.7575567629514426 29.50714111328125 283.62466304826944 2.9937072323270995 3.5625554045283647 6.624666345631567 1.1380078795713775 -0.5678937277661257 0.964068338289789 1.034406052488104
0.03831827500835061 5.95416259765625 267216.5299455638 14299.858786676294 0.7213146511817443 32.37384033203125 234.28029898712907 3.4669546389507673 4.138416538261995 5.0959365814671855 1.1912485889524431 -0.5676599121349989 0.976698242035427 1.073727681462463
0.0347534934990108 0.78021240234375 320445.70444397937 15745.270652854713 0.7527328828968163 34.6759033203125 205.61511247747785 3.447637466252472 3.9489377864108683 0.5152926206501434 0.9321288460744838 -0.620025105598755 0.9822658300893037 1.0370695167906292
0.19494632398709655 4.918670654296875 51409.80454569281 9911.43297630841 0.8474276522488978 26.777679443359375 473.7200339339521 2.3555916887253447 2.698814482335586 4.525808629990081 0.8441146678967305 -0.6799665047205529 0.9635527623262891 1.1860822416915904
0.18809902155771852 1.838836669921875 22286.28324480776 4702.215579722077 0.8050429286716401 17.989593505859375 201.90925381527774 2.641026820423221 3.0686322754581656 1.5859766778922335 0.9153990939939392 -0.6229454375479273 0.9629185576232772 1.088913010645317
0.08313801046460867 5.05303955078125 75583.08427798352 9076.035436266815 0.768667347020495 25.4652099609375 207.04591638854708 3.043745174727105 3.573660267839467 4.508382858463165 1.0506508995477961 -0.5873423206416613 0.9689417576287689 1.1267275126663938
0.049126938451081514 1.7239990234375 142064.41106256627 9599.220235526673 0.7141507254493125 26.71331787109375 184.27660315599155 3.3344306304385314 4.007772705005007 1.2480032791290796 1.1208090460308282 -0.5634115949225291 0.9734278276104161 1.0687348063830324
0.05723721534013748 2.093017578125 129121.97146131164 9980.332657359773 0.7656218277328664 27.1474609375 177.80939599784324 3.2443557691834823 3.750306264995262 1.741348015377298 0.9849763078906979 -0.6164239495417944 0.9783791145732171 1.3027624595435507
0.05553794279694557 0.97235107421875 94678.57961720729 6455.69003068 0.7611055992399206 21.74652099609375 139.7400387174896 3.2887005884837985 3.8180472943301726 0.6980973142572111 0.9723823687706321 -0.6209399370079283 0.9803074291359983 1.0202307136232693
0.0714758038520813 1.18194580078125 90104.58976343088 7549.980856138762 0.7418114332049959 23.5869140625 198.50640457595 3.2394204579583747 3.8101876541878936 0.8377571962521415 1.0398084584229756 -0.606570444349987 0.977798532200587 1.0194602427919757
0.04225131729617715 1.475341796875 244794.26688740109 15007.39764745016 0.7647550006758422 33.686767578125 206.97335060304977 3.3280025006512077 3.8017309081757764 1.1704870001558447 0.9804715114012863 -0.6230779769933728 0.9803661790536451 1.071503082009014
0.033333776984363794 0.723907470703125 260790.75625345108 13127.72719162508 0.7611464812953489 31.469207763671875 165.86933579219846 3.459123171375061 3.923862213246834 0.4862301868657255 0.8979979064785473 -0.6307994414787786 0.9834193142101786 1.0469516906256533
0.10714977094903588 1.09478759765625 53576.39095560217 7162.5869176287815 0.7470806847505388 22.8759765625 258.8093827646808 3.1509506172257695 3.6832093176426266 0.7819264047377601 0.9989408085398709 -0.5963510138462307 0.9733657913365743 1.0380817410068686
0.0891506727784872 2.884185791015625 74536.1797242956 8686.734139465898 0.7570491447711161 25.062347412109375 217.38409491750605 3.0650672299942454 3.627367524956779 2.427154362386375 1.0607930973652953 -0.5904281680214332 0.970898687336834 1.0776349793070832
0.04790012678131461 5.76715087890625 178490.69991010297 10865.189344849981 0.7297205043296245 28.01702880859375 218.03945793007392 3.408650511800196 4.0907490203478485 5.056741428889836 1.1456075525294283 -0.5761358229612928 0.9774259969256239 1.0387323358932699
0.22986671468243003 1.343994140625 23074.200758246632 5255.803011867742 0.8297578811926204 19.14617919921875 311.05484239211205 2.3986357432289656 2.7460791935713056 1.1615329835412922 0.8419392724390371 -0.641910837738584 0.9560704141294939 1.0306210971027392
0.19573480216786265 5.090850830078125 15297.120588955087 3980.8252412117 0.8139451491748513 16.473541259765625 170.77900207191357 2.4704975477747615 2.848608933154764 4.703372784365058 0.9018332585469381 -0.5777914185418114 0.9414372780126853 1.1411463755784392
0.19556304160505533 3.2003173828125 23455.554625398163 5253.667941742815 0.792267821544503 19.04742431640625 230.47841163510407 2.6367797662464567 3.1110334064204923 2.803470570142963 1.0027208229268956 -0.5926127072113927 0.9565542643289141 1.1242009901483379
0.05239664064720273 5.935089111328125 189833.3337758215 13875.065296222514 0.7441117943193717 31.765472412109375 253.96846585464624 3.286572546308412 3.9095923228311786 5.137302043504917 1.1549347483542767 -0.5773141397022055 0.9742833191289951 1.0987638554347
0.07176136644557118 5.628326416015625 96387.13376736564 9922.417461931705 0.7639875531657689 26.686553955078125 178.2999503993579 3.135701335510508 3.7140207090456343 4.943779174237136 1.0868160059195175 -0.5794344150786478 0.9705465124455558 1.1071120968190202
0.0917525733821094 6.357879638671875 59396.970534008724 7544.257767864503 0.7337656442402152 23.212249755859375 246.33510442254334 3.1465693221365103 3.7534095283221136 5.649077948024171 1.1162268157935868 -0.559147091435209 0.9668614635165672 1.077757368863481
0.17595509998500347 3.279632568359375 26551.526201214754 7691.96962968208 0.7991618140514825 23.581939697265625 65.33123989436586 2.5679812051773925 3.014824084324882 2.870632004062884 0.964032282282345 -0.5747541836412774 0.9476586519826941 1.0612049322444652
0.07139718253165483 5.414459228515625 87946.53581408398 8581.537793568607 0.7399488572030737 24.915435791015625 183.66948122071022 3.235380564880391 3.8553946792382545 4.740971709873122 1.1233118098392443 -0.5733864109902704 0.9723743429187833 1.0708316291391824
0.043037757743149996 4.073883056640625 159369.58485669372 8844.324882192093 0.7332237850750029 25.217987060546875 235.1191532669373 3.468511764062554 4.118081553298231 3.4364796988848525 1.131104145755001 -0.5801101155374334 0.9785950968631716 1.0911146574900608
0.035912351217120886 0.978790283203125 219155.5785440257 9577.529742473005 0.7361377775551929 26.645965576171875 191.22117774279474 3.504528888256039 4.06682215825896 0.6567367069351917 0.9937081753253487 -0.6119938045446977 0.9828453557311071 1.0211958522675975
0.379180820658803 1.10186767578125 11829.269929031958 4796.9547018465855 0.8401015764289983 18.39532470703125 209.64765223226482 2.049878869940409 2.409452660642864 0.9555473899511071 0.7976522930391916 -0.6262550928182097 0.9350443573120247 1.0503726096290886
0.09340622276067734 1.04583740234375 59007.88906568766 6927.768827184982 0.7745036491530464 22.575927734375 145.4590170073243 3.060234748529362 3.56293346161963 0.7865909316615216 0.9653391625667106 -0.6228067066429699 0.9758200943420002 1.0335474467102244
0.04004015168175101 0.6124267578125 131589.11975020426 9212.527247632286 0.787777725119101 26.2215576171875 79.90290110952719 3.1981502720278026 3.6028660318260486 0.43388910069211306 0.8231152616868114 -0.6255309745125113 0.9771168092996728 1.118968504101792
0.0924058579839766 0.893951416015625 74192.23825274945 7938.471557891135 0.7746426122652689 24.309783935546875 207.73334142286063 3.152950341955423 3.642002054184334 0.6535046906438424 0.9403144551176502 -0.6331150208779116 0.9791370118614862 1.0406460843847134
0.07905057724565268 0.90966796875 84569.77510288592 7936.740539336959 0.7626652691712295 24.2322998046875 181.87525740941146 3.2417321136451056 3.745697899279626 0.647970602693249 0.9548573195045839 -0.6272736185730464 0.9800627166026233 1.0247794687224545
0.0856641624122858 1.31890869140625 62851.43624751288 6043.487311939685 0.7993431747537761 20.6978759765625 206.52808178777286 3.1455266432672087 3.5694238167797967 1.0986973296758151 0.8888852210861834 -0.6572745219424855 0.9815396423302605 1.049061053639069
0.09605371160432696 1.384552001953125 38067.7496733151 4979.7568659659155 0.7611308370960028 18.856719970703125 145.79351014769696 3.084205264907823 3.601027120022482 1.0625683006201712 1.0121150730867197 -0.591313862000998 0.9704688362370526 1.0262015136722682
0.05204345704987645 1.117431640625 126353.32186828282 9981.179513845593 0.7539049314535451 27.32598876953125 175.25605596442824 3.2811976061215704 3.80178170781177 0.8230237986592783 0.9674574927971485 -0.5974072277431531 0.9760009899056193 1.0990978403119398
0.04234050214290619 0.6470947265625 164915.1342076813 8600.397058434915 0.7796767847040186 25.2203369140625 180.58824558382275 3.511540346181648 3.931065991811776 0.45037439762745635 0.8462774729255578 -0.6579620277104189 0.9869100672630623 1.0410389186114242
0.0695484085008502 2.604095458984375 109508.03555481654 9432.272186044629 0.7053787925028844 26.244781494140625 248.06930470818912 3.3284223184250306 4.068432332694162 1.9773626186266142 1.2048462027155553 -0.5461642348139707 0.9709642800531368 1.0283700935789133
0.05802491260692477 1.00579833984375 90213.87244863258 6824.696584383064 0.749205022823643 22.49285888671875 141.94626631665437 3.3000021853990793 3.842334876547787 0.7056840764425942 0.9861089605269535 -0.603723519051422 0.9778943347638434 1.0529064622655033
0.04313067439943552 0.73876953125 150378.82695659713 11629.695612424966 0.7607326204999243 29.59149169921875 145.51699661866428 3.252978923057832 3.7392612402357552 0.49744650448542416 0.9039028918652112 -0.601210003148501 0.9754690847794938 1.0780761389133793
0.03885606676340103 0.91534423828125 179251.60326234362 10551.91370817228 0.7619107454624329 28.0654296875 163.3331326158368 3.3213253376120773 3.8290693152759223 0.6550308462540215 0.93320559184568 -0.6112181568528239 0.9789277381623447 1.0770747519067152
0.062298678793013096 1.046722412109375 111333.68413774382 8661.427409525351 0.7505962845028551 25.295501708984375 212.36409410097673 3.39933891518306 3.9258433544903464 0.74610201124284 0.9830261298528038 -0.6174019103066234 0.98152051029198 1.0425435999981767
0.14510674076154828 0.709228515625 25231.561553683707 5226.601193729104 0.8318781044598493 19.335205078125 97.26111200606465 2.6387562352344904 2.9907992060612663 0.5820660500321537 0.7771640472676613 -0.6478704630440102 0.9661963911134444 1.0560226493575917
0.298183505423367 1.10455322265625 9713.535217818999 3052.8222100198136 0.8317049126567104 14.36322021484375 161.3328109896031 2.0988682978765154 2.4607997299805207 0.9361687112361778 0.8337322416619891 -0.611657890172358 0.9330077134518088 1.031790556999479
0.1799769215285778 1.13134765625 26272.6653167438 4932.508435544545 0.8059782772508297 18.469970703125 279.43408800565885 2.5223252616045473 2.930474642847402 0.9176743050084042 0.9087269210489756 -0.615547632605751 0.9562193338393704 1.086163484133557
0.18777257855981588 1.676666259765625 17353.17843715748 3969.683588753749 0.8046596368276853 16.290740966796875 178.41169007365085 2.540763358362306 2.945412870984091 1.4288581034793992 0.9169367702014589 -0.6038321214872081 0.9535589553242293 1.05887972226469
0.2182667781598866 7.04937744140625 29038.84772952058 7668.1121882114385 0.8324697507161016 23.30792236328125 284.707161156801 2.3735635865541322 2.7509511637348645 6.5287140330910916 0.90680366145574 -0.621702399616294 0.9507113903706461 1.4698714424335482
0.037681094370782375 0.81842041015625 284017.4722329237 16562.62919130655 0.7443446386653749 35.49493408203125 145.1342193831681 3.369479898181106 3.913617732621422 0.533291977750423 0.9542453076194726 -0.6038028623066009 0.9791678239485028 1.044869512853232
0.0641060434281826 0.67608642578125 82019.10708288675 8319.834025414893 0.8009458972117502 24.771728515625 111.35516390932389 2.9977847671200486 3.384713087483213 0.5123682325684058 0.8145042606532005 -0.6312318802522262 0.9734401315815232 1.0938266715588763
0.0227517019957304 0.9925537109375 292876.410037312 14948.945635116355 0.7049990344106953 33.567626953125 104.17771045453628 3.5212907031434035 4.131293865285619 0.6079446588303199 0.9779991037787084 -0.5573327950790751 0.9745670567610686 1.1244330025532465
0.03805329650640488 0.497650146484375 241444.00703296423 17704.141639996553 0.7766660802504594 36.678741455078125 82.20921778575035 3.3734068975666474 3.7605690272038443 0.31305256819138094 0.7949962914939982 -0.6340917515063309 0.9813589678054013 1.05272918582772
0.27046615770086646 2.200714111328125 13209.645111913811 4671.631907188001 0.8273074110262801 18.287567138671875 116.11796571806559 2.2410606288555837 2.6364467947678794 1.9721328200844823 0.852154143467921 -0.6021940115740065 0.9392995157970702 1.0883650514240597
0.08152427524328232 1.104736328125 56716.46728191849 6681.063870969192 0.7608121486925166 21.937744140625 213.0954317421456 3.103254402567267 3.604099552575115 0.8133938253379256 0.9830850444347247 -0.5896898619478832 0.9701931689826724 1.041003246182836
0.04097575508058071 5.4359130859375 161526.9865768733 8948.660639775819 0.7251906135361293 25.3709716796875 170.7932918451561 3.45975924609159 4.111274834000917 4.715923317614397 1.138180013242808 -0.574274785335684 0.9774439976888416 1.0660025658468097
0.2578825573436916 5.046600341796875 17239.770043512603 5152.094996902106 0.7745918931420266 18.940948486328125 235.60970353248928 2.436161503130034 2.958915189336969 4.42909403287473 1.1000041222424854 -0.5289805192443421 0.9289295868476287 1.0942212547221002
0.17846690770238638 1.00958251953125 15424.46372526602 3871.811074100333 0.8326373460057677 16.35198974609375 110.06218523742086 2.4639832718015713 2.798230598997225 0.8664475967455019 0.7929914461129622 -0.6289625793928133 0.9547071883971798 1.0567705495942679
0.15303565049543977 1.355743408203125 40374.21268629554 6825.596246613368 0.7810435014024353 22.113555908203125 252.25058254241873 2.892058530449541 3.40014848817091 1.0749706426054786 0.9815223561638888 -0.6138628819045144 0.9703383583147207 1.034072104054509
0.23101007984951138 5.09722900390625 28637.005734643924 7271.915664604472 0.7820662788679407 22.65130615234375 308.5570356836836 2.6064142124424157 3.1454613240959 4.569522756323067 1.051781180876903 -0.574489405566732 0.9526339601073777 1.015021781762138
0.22755012474954128 7.2523193359375 16809.597642482444 4918.881486871456 0.7609170677394347 18.289306640625 215.88766777899946 2.533165103715852 3.108685434453471 6.397056647738509 1.1631722441739292 -0.49868042877184027 0.9237994638915517 0.9938420316923445
0.24353915639221668 2.480224609375 17519.598171275917 5112.899635267273 0.7938180240449229 19.32647705078125 165.53085479703282 2.439654696956763 2.915840762165324 2.1702494476214724 0.9613865807506495 -0.5706129943630878 0.9420887822564836 1.066490084460911
0.12770701944828033 2.40106201171875 46837.08177222252 7262.491772583933 0.7396066990131454 23.10797119140625 197.14979354926277 2.999552937514898 3.615650675909013 1.949963164641531 1.0919336610905568 -0.5678129169265501 0.9654655958082898 1.0471922235819575
0.04602873232215643 5.299041748046875 142255.8163166597 9052.421601555125 0.7220794893660825 25.326812744140625 198.17182402328905 3.424762794985714 4.104965408269004 4.470050233942914 1.1986941656549042 -0.5576719916344247 0.9741400465587149 1.0877739984202177
0.19256365112960339 3.897186279296875 18280.961654461775 4062.0032493213657 0.8040881906474169 16.720428466796875 207.81155698386561 2.4170816601699827 2.8744153761442623 3.4896805700973914 0.9771220548971767 -0.5672345338531852 0.9390436064613965 1.0963241755313091
0.11809919541701674 0.711822509765625 45394.199676632765 6782.905296364392 0.7971070566329976 22.225555419921875 192.25891387371126 3.00459218514513 3.3931488120328215 0.5339346233955098 0.8470821880241453 -0.6500883981747705 0.9770309308843881 1.0415095476415328
0.09579210169613361 0.867095947265625 65845.78167137003 8373.579959347338 0.7784884392079461 24.885284423828125 175.46711937068181 3.030318845341941 3.493212942424368 0.6385146560219823 0.9242669845583925 -0.6209547384730547 0.9739671592638584 1.0408877155965472
0.14353671204298735 1.32061767578125 26958.261810455722 4587.4341695460025 0.775939229407536 17.9273681640625 191.36678992975158 2.7230794644018443 3.213722649605421 1.0297402313590283 0.9966405118127839 -0.5901818316422002 0.9593835132846523 1.0519194553783506
0.12096108496189117 1.89520263671875 35574.2968646593 5298.414006602197 0.7674069880244923 19.43670654296875 170.347406531366 2.8571157989126057 3.421085660504562 1.5012980007895749 1.0627681810737208 -0.5815661754316567 0.9635230414816002 1.0578657747479938
0.042205197270959616 1.641204833984375 174751.81892847334 11158.738421399925 0.7615278360786303 28.854766845703125 150.64681489256242 3.375030873736663 3.8366718566238287 1.357160258137867 0.902435271184967 -0.6318348576772501 0.9822502655717719 1.0712021552254094
0.15969473123550415 1.05731201171875 17286.061407513076 3579.7425121203773 0.7946588684837428 15.94964599609375 136.8030506239486 2.632358754205109 3.069405349447461 0.826931629479077 0.9327347838630664 -0.5815987153686406 0.9518925963110769 1.0287346021392405
0.053914712741971016 1.673126220703125 135607.3263186463 8071.049152517613 0.6974830676035362 24.348846435546875 249.2708760724318 3.4168249768017853 4.125009985467503 1.1276058779413347 1.1797735539583845 -0.5669876987667969 0.9763351157743758 1.031621781406434
0.1366545776836574 1.418548583984375 29504.285315619778 5124.976229289698 0.7709232525490214 19.172271728515625 196.7033660961102 2.7961932625811183 3.30366558862539 1.1059972483454317 1.0095033923821337 -0.5701175948129603 0.9568864067967632 1.0913156291264785
0.058137047570198774 1.512542724609375 152703.08169367022 13594.815501286512 0.7164574111824236 32.093658447265625 307.703182691445 3.1775973602674514 3.787622325314686 1.063385284598155 1.1041534998323084 -0.551207580066861 0.9657744242532008 1.169762903233522
0.06813897378742695 0.912567138671875 79912.4263434587 7495.551512498641 0.7604492136167993 23.389556884765625 203.06034360533027 3.1156736194589474 3.613292421187367 0.6415601931476544 0.9652370404109017 -0.6065547961158162 0.9738515579880538 1.069291829888249
0.2014288268983364 1.30169677734375 21109.82114829009 4656.705686745761 0.7825917765109862 18.08782958984375 201.67681542781816 2.6063557557568955 3.0961384847856164 1.0270559722557664 0.9789473471181632 -0.5983385600434029 0.957586357518497 1.0688033675200441
0.19380211969837546 1.96710205078125 26680.945139904143 6190.408788765706 0.7553921148311016 21.33795166015625 222.15639121679874 2.65072126102094 3.2266989650233757 1.572501572851479 1.0704422074771442 -0.5359312045940451 0.9434333629140563 1.076441571431465
0.19912075344473124 1.611602783203125 17293.52209638605 4504.405225952732 0.7706803603170078 18.002777099609375 174.3598436545031 2.5788175315222257 3.0607131242590007 1.308682544032365 0.9855919821260115 -0.5482666310978256 0.9408231507247116 1.0631924111756226
0.15545657044276595 1.839996337890625 27801.94186694043 5681.638565719451 0.7396802579914808 20.280120849609375 218.41104600708383 2.811938081213714 3.3719704596917013 1.435080451387023 1.0677794041625537 -0.5415542292850789 0.950727114621185 1.063170645267552
0.25264674238860607 1.263458251953125 7275.693308574648 2418.48713112298 0.8398388650874599 12.700225830078125 84.01326189536672 2.151057171374963 2.494271802057981 1.1048070860466055 0.8048059713941388 -0.6027895914298531 0.9318164336601039 1.0486740271280697
0.16931622149422765 1.252716064453125 19593.049865693723 3833.800162205853 0.8002136351311872 16.505889892578125 157.8480156553033 2.6310929010706854 3.087562699203828 1.0153388402800942 0.9322618541034631 -0.6019644306522697 0.9582554274707719 1.052031433958377
0.06096375919878483 1.130035400390625 97650.61312932159 6698.008571676194 0.7501555734166223 22.031219482421875 210.33056713161756 3.362848332490408 3.917762308965239 0.8078420515094535 1.0168713045011921 -0.6164686160544076 0.9812514400385002 1.0138045859442477
0.11295365588739514 1.22686767578125 44323.46838738824 5710.797400329353 0.7730966790741063 20.37054443359375 224.9409282613599 2.945613366819573 3.462067496000803 0.9416077265725562 0.9888127554158291 -0.6043591671966273 0.9698792415372034 1.0767248350581156
0.0627822526730597 1.343994140625 94789.60989105218 8094.251210568022 0.7480666986815915 24.5157470703125 194.5317788719849 3.1801812881065192 3.7277769836540777 1.006920168315446 1.0208421655679902 -0.5907549516307706 0.9732087328740587 1.076033919479168
0.043175323866307735 1.660125732421875 159137.33539897605 8980.886354958355 0.722277040549045 25.727508544921875 215.31569300336747 3.4209795820476225 4.034179005692421 1.2397866048045785 1.067204557417336 -0.5928112185463378 0.9793674959245406 1.0952556080759395
0.0386712453328073 1.08868408203125 161863.87952964325 7877.992563589951 0.722608458273097 24.06072998046875 169.84722283722135 3.4768322130218823 4.080814027594775 0.7127313039566161 1.0469203685597057 -0.5977957331943053 0.980920766216838 1.0459483349093424
0.20367360021919012 0.870941162109375 15213.199623142265 3944.7582457524404 0.7957317433916393 16.836029052734375 127.22920557472258 2.59134497150135 3.0213306004521017 0.6663613386586462 0.9042233297068348 -0.5958811834455366 0.9542060554173846 1.0185897979718186
0.12469310266897082 0.873504638671875 32413.46390826129 4651.154337974764 0.7821552671358529 18.269866943359375 187.64740700483304 2.9012089981995333 3.3622195737780687 0.6455704695341069 0.9304966222771058 -0.6205263081442643 0.9707678820596904 1.063477922418269
0.05791922099888325 0.989715576171875 115798.84738494015 7481.986981073293 0.7335243516763131 23.587188720703125 207.15670352303192 3.4414612641913997 4.027764229149079 0.6541055498951778 1.0106883351521536 -0.6059419559402508 0.9813659051674106 1.0698623978947406
0.13348061172291636 0.936187744140625 40671.55539052727 5992.080182746988 0.7671212156113126 20.905426025390625 197.80709138918206 2.9605116402815588 3.4830705886732156 0.671489738796538 0.9714777694252695 -0.6141332069597589 0.9724052335649221 1.0293803675423654
0.07125391205772758 1.296722412109375 96787.40042891422 7870.816882797084 0.7334137552703385 23.964141845703125 273.62915321296816 3.291162110358632 3.8678503084165596 0.924347336651465 1.0550186198400493 -0.6025403888164695 0.978151411479969 1.0378560066646167
0.13857309659942985 1.70318603515625 45426.00506517878 7866.538821281174 0.7501701099062977 24.122802734375 241.10240858904217 2.872021469947587 3.4369742493977626 1.3274597232848464 1.054334321411873 -0.5610306868187516 0.9586185187245336 1.0897707837160346
0.03224766766652465 1.96820068359375 235628.93787890274 11540.586577110633 0.7057476895632937 29.63323974609375 189.59742089547603 3.5103404970366743 4.180935496292469 1.4690780984112735 1.0945789507151436 -0.5608253973238873 0.9761529885720862 1.1159311864679897
0.10714367963373661 2.192230224609375 41823.63361554277 5489.618493620844 0.7644900597493702 19.929656982421875 168.47915938707416 2.9692674612781382 3.527598656556793 1.8219560974785622 1.0213293775451902 -0.5842459034674137 0.9670729420858873 1.047315810109232
0.045515329111367464 2.5732421875 139858.8734036837 8819.377650059363 0.7272143968087197 25.64373779296875 174.74712694355026 3.3621248215500716 3.9867381792559597 2.0895699041429907 1.0727526454383427 -0.5709574425830789 0.9745380048871403 1.0452887068742078
0.04332184325903654 2.003448486328125 193843.3506344255 10183.055527987604 0.693057595164286 27.693450927734375 213.00883446742097 3.5278131269064668 4.271725556842804 1.437273265924489 1.162955412303167 -0.5516169565792336 0.9759634090779256 1.059722471846416
0.19632491189986467 2.50762939453125 15898.569091705243 3667.172883284489 0.7965487295921548 15.95074462890625 175.31585180391653 2.4145735621470883 2.886717110763124 2.174333729090222 0.9843434096149775 -0.5637934147868452 0.9384215516690686 1.0480903477039123
0.1035746494308114 1.808624267578125 68587.76780582097 8314.851102763452 0.756620738049257 24.603057861328125 301.9171072932404 2.908141763154686 3.4386880602272223 1.4316515472447122 1.055599223843061 -0.5899440414181077 0.9660384339757837 1.1515905027599003
0.09556527668610215 1.3660888671875 83451.9887977547 9368.146592254954 0.7568881284634639 26.2919921875 272.60552664246643 3.120750507809179 3.6484167145662463 1.0500514388606916 0.9968408373394488 -0.6154463246518185 0.9762475746630603 1.0811193957852119
0.032702775206416845 0.87835693359375 241433.99684815464 10218.739129729627 0.72339586308085 27.7579345703125 151.9127580037757 3.525745998238802 4.104447685506452 0.5405676851514727 0.9871286905010487 -0.5969024922355027 0.9811438153098777 1.0366227608392111
0.037662000861018896 1.19061279296875 179630.4843606386 9712.258955175006 0.7078323726647046 27.01495361328125 182.02896246886507 3.494400483177999 4.135502574387378 0.7604372776206674 1.088219804970113 -0.5782779638500918 0.978565320617347 1.0814223437835644
0.2305048182606697 0.91241455078125 13751.475181940601 3837.352400581124 0.8156569414715706 16.547119140625 122.50512521004202 2.4415981176210524 2.838016264991273 0.7322080828018898 0.868652847944822 -0.6263487307223138 0.9555790226332926 1.0139847802105135
0.06750603439286351 0.759033203125 130873.49726835155 11580.888406829967 0.7694033979999509 29.40386962890625 268.7218608434089 3.1478326517579123 3.60971870571126 0.5287119192964838 0.913498870182139 -0.6292107255282149 0.9778813286907729 1.0528488841683858
0.04301512846723199 1.7601318359375 129684.5734816127 7128.382226763924 0.7095482320909209 22.95916748046875 169.40590060142335 3.4552893250642893 4.144722658110421 1.2455810591875434 1.1555214963729357 -0.5633688921578374 0.9759974554080569 1.0531486121587197
0.0846098274923861 6.734832763671875 77036.33977100033 8325.97652848051 0.7474449886792595 24.455535888671875 238.25809260724424 3.0876848415031843 3.6768601707730157 6.091023382257902 1.068944129449206 -0.5858116536146768 0.9710617849535947 1.0381759213407955
0.1632999638095498 1.16497802734375 14596.411255869614 3226.66863848735 0.8102400301728341 14.95263671875 90.15456543724576 2.5632698405696175 2.989586740457862 0.9543672406007317 0.8964785115540437 -0.6040793946667092 0.9553075076918373 1.0443501143105027
0.20491675613448024 1.42578125 24727.369645123486 5137.218415873776 0.7801935465372252 19.2366943359375 229.97959179624104 2.7336066618402253 3.259033151374482 1.1289632572445498 0.9974934283910447 -0.6057048672459595 0.9646728461841936 1.0224829549776298
