52.0447998046875 65.94610443711281 72.72099845283684 5288.343615977497 0.8730096399987572 -0.8994236539398841 0.0 0.0 0.0 0.0 0.0
52.2305908203125 66.02274054288864 72.28245088463342 5224.752705889443 0.8286601556272375 -1.0247795821091668 0.0 0.0 0.0 0.0 0.0
52.062255859375 56.035406947135925 60.018369232117905 3602.204645282837 0.5447593146892834 -1.137504699488298 0.0 0.0 0.0 0.0 0.0
58.3922119140625 57.203320771455765 60.81462495657984 3698.4186086094637 0.2979757214787286 -1.5365654635291708 0.0 0.0 0.0 0.0 0.0
29.7459716796875 44.487683683633804 52.64142443208787 2771.1195662392174 1.3201331670055854 0.036362084423218644 0.0 0.0 0.0 0.0 0.0
26.8509521484375 41.51455879211426 50.68992326312588 2569.46832042159 1.4381411030148887 0.22635219427475084 0.0 0.0 0.0 0.0 0.0
30.114013671875 44.165148973464966 52.203668357857275 2725.222990017149 1.33344360640291 0.15707718442665586 0.0 0.0 0.0 0.0 0.0
56.56396484375 66.65407752990723 71.42780925764377 5101.931935346341 0.6579365211860717 -1.2216342660922805 0.0 0.0 0.0 0.0 0.0
52.297119140625 64.06552749872208 67.06859482769202 4498.196412161118 0.5643468775265907 -1.5793704578835264 0.0 0.0 0.0 0.0 0.0
21.6484375 35.35862731933594 48.50391128897142 2352.6294103284094 2.035377614203602 2.716087491092174 0.0 0.0 0.0 0.0 0.0
41.5582275390625 50.42555898427963 53.3413511895772 2845.299746729809 0.6203394685899043 -1.3943212791660167 0.0 0.0 0.0 0.0 0.0
49.19775390625 64.50988173484802 71.67476431535756 5137.271839662053 0.9433425715674373 -0.8001848642246614 0.0 0.0 0.0 0.0 0.0
30.920654296875 42.66480666399002 51.176709553223795 2619.0556006950274 1.3939500657692796 0.6053870255766971 0.0 0.0 0.0 0.0 0.0
43.2320556640625 60.147675186395645 66.92660741731193 4479.170780390992 0.9954733782298182 -0.8131766828381952 0.0 0.0 0.0 0.0 0.0
20.297119140625 33.35483264923096 45.55118402963031 2074.9103665012476 2.0136232487395613 2.6516737883822055 0.0 0.0 0.0 0.0 0.0
43.8182373046875 55.35529509186745 62.02461926220701 3847.053394621741 0.993812931382618 -0.4577813227496623 0.0 0.0 0.0 0.0 0.0
30.484130859375 44.37564700841904 52.88111337706047 2796.412151997524 1.3983802713411029 0.5293500936179578 0.0 0.0 0.0 0.0 0.0
38.631591796875 53.21615928411484 62.00403866797241 3844.5008111394177 1.2611516429871776 0.15434002459708074 0.0 0.0 0.0 0.0 0.0
35.15283203125 51.83459007740021 60.00507512648235 3600.609040934791 1.1875348512676107 -0.45624035934815277 0.0 0.0 0.0 0.0 0.0
55.835693359375 63.56245493888855 69.62557555939318 4847.720771976769 0.7382152042982539 -0.9074069168542254 0.0 0.0 0.0 0.0 0.0
33.7838134765625 50.00868797302246 60.956965926713224 3715.7516949904766 1.4882105199976152 0.726733384704517 0.0 0.0 0.0 0.0 0.0
41.4796142578125 55.438145369291306 62.22360993585181 3871.777633449036 1.0429449494210645 -0.47690519111814567 0.0 0.0 0.0 0.0 0.0
31.9990234375 46.937042474746704 55.3860382504794 3067.613233083567 1.31237888829661 0.05110255127892804 0.0 0.0 0.0 0.0 0.0
35.396484375 48.84495496749878 58.740608331173654 3450.4590671163473 1.4408427467874467 0.8994551336918275 0.0 0.0 0.0 0.0 0.0
37.588134765625 44.977630734443665 50.670916084768386 2567.54173686964 0.9737238792514543 -0.3191985564960018 0.0 0.0 0.0 0.0 0.0
52.2576904296875 62.04821741580963 65.66374111536479 4311.726897265648 0.6185156728062831 -1.2905705107812984 0.0 0.0 0.0 0.0 0.0
48.4603271484375 53.09125381708145 58.09660378456389 3375.2153713006032 0.6722637078347617 -0.995103173419368 0.0 0.0 0.0 0.0 0.0
46.911865234375 61.09790974855423 68.2368174850874 4656.263260493129 0.9788650009725784 -0.6326947270257772 0.0 0.0 0.0 0.0 0.0
35.8271484375 50.080483198165894 58.05227442581341 3370.06656600995 1.2145963796278434 -0.11619125271106201 0.0 0.0 0.0 0.0 0.0
35.3656005859375 52.43844032287598 61.43146930805093 3773.8254213460036 1.2585871616965472 -0.2143542945087602 0.0 0.0 0.0 0.0 0.0
48.757080078125 56.48519456386566 61.17864088486708 3742.82610051953 0.7113250049873279 -0.9646677186261194 0.0 0.0 0.0 0.0 0.0
45.6671142578125 58.91952687501907 66.28412926028041 4393.585791793561 1.0293963490917506 -0.4040288452344849 0.0 0.0 0.0 0.0 0.0
52.6787109375 54.76160287857056 56.60849615595815 3204.5218370391285 0.26278052104467475 -1.6971922111113227 0.0 0.0 0.0 0.0 0.0
25.9853515625 40.853914737701416 51.99001181529204 2702.961328554206 1.6770864176877467 1.2362899497241617 0.0 0.0 0.0 0.0 0.0
19.2529296875 30.92619490623474 44.22297296672635 1955.67133801581 2.3070332928789608 4.2986547541490605 0.0 0.0 0.0 0.0 0.0
42.5250244140625 50.30004796385765 56.378658659457905 3178.5531522396677 0.900039225826965 -0.6116106203836624 0.0 0.0 0.0 0.0 0.0
29.4638671875 42.29658031463623 50.37874051009664 2538.0174953836527 1.315017538395944 0.04762999229057607 0.0 0.0 0.0 0.0 0.0
25.2730712890625 39.129794269800186 49.20578121357076 2421.2089048377934 1.6603074199422831 1.308010315353651 0.0 0.0 0.0 0.0 0.0
24.3663330078125 31.937434792518616 35.34483601765366 1249.2574331148278 0.9491773711207174 -0.6712607216962718 0.0 0.0 0.0 0.0 0.0
38.635986328125 48.32163715362549 52.193046375977524 2724.114090004941 0.7411883918104943 -1.245746691372914 0.0 0.0 0.0 0.0 0.0
28.405029296875 33.73177707195282 37.67460245282473 1419.3756699783871 0.9115528533632671 -0.5007483863228432 0.0 0.0 0.0 0.0 0.0
18.146240234375 31.37076985836029 46.494067401424104 2161.6983035281673 2.2424845631194676 3.2228379677283163 0.0 0.0 0.0 0.0 0.0
30.128173828125 40.20358395576477 44.73157017661242 2000.913370465202 0.9749276304040502 -0.7076115525094764 0.0 0.0 0.0 0.0 0.0
36.305419921875 53.61889946460724 64.19869793404874 4121.472816427234 1.3936884540717147 0.3202369855605416 0.0 0.0 0.0 0.0 0.0
48.25634765625 43.06216788291931 47.69160338126152 2274.4890330755557 0.42160087644090904 -0.9543896181009681 0.0 0.0 0.0 0.0 0.0
19.72509765625 31.870415568351746 41.81736006695475 1748.6916029693414 1.7590806578989988 1.3313209561281356 0.0 0.0 0.0 0.0 0.0
32.4437255859375 50.846880942583084 65.64015141961755 4308.62947839032 1.7352779287834836 1.4075354363648502 0.0 0.0 0.0 0.0 0.0
34.6383056640625 50.95158851146698 60.13415322258367 3616.11638379717 1.3151512875762683 0.0667750223561816 0.0 0.0 0.0 0.0 0.0
19.37646484375 27.311495065689087 34.73895356357131 1206.7948946919637 1.7228119361007896 1.8929610044933023 0.0 0.0 0.0 0.0 0.0
60.109619140625 68.14914524555206 74.0431458340476 5482.387445002041 0.6555115403521269 -1.1941996705103997 0.0 0.0 0.0 0.0 0.0
37.85400390625 54.445393323898315 64.9267680860322 4215.485214097409 1.3954615572745377 0.4875658924123152 0.0 0.0 0.0 0.0 0.0
43.7308349609375 53.704783499240875 57.0445763270032 3254.083688327294 0.6463420263988672 -1.3943474838203842 0.0 0.0 0.0 0.0 0.0
64.5423583984375 70.61510595679283 76.46652341373473 5847.129202983243 0.5836622678052499 -1.283845370883915 0.0 0.0 0.0 0.0 0.0
27.1009521484375 44.01509681344032 57.588062975429416 3316.3849972620246 1.7450320233618126 1.2588352094034327 0.0 0.0 0.0 0.0 0.0
44.7960205078125 53.71152976155281 59.12892922302893 3496.230271061965 0.8586441675410503 -0.5862765258611069 0.0 0.0 0.0 0.0 0.0
37.8212890625 56.03506255149841 67.93816657625034 4615.594477742339 1.4797534069404774 0.7205896091315585 0.0 0.0 0.0 0.0 0.0
62.46337890625 61.37958359718323 66.5084658079918 4423.376024132814 0.40783853508354856 -1.3319113534437814 0.0 0.0 0.0 0.0 0.0
41.15478515625 54.25437879562378 61.380685399859274 3767.588540156498 1.0585939711515604 -0.4224591605455368 0.0 0.0 0.0 0.0 0.0
45.7357177734375 54.77894023060799 61.762262555176044 3814.5770759345005 0.9486142902921063 -0.48595447518524715 0.0 0.0 0.0 0.0 0.0
33.8997802734375 51.237411975860596 61.33844173181073 3762.4044340867404 1.3719607895867498 0.1350219683681937 0.0 0.0 0.0 0.0 0.0
42.864501953125 55.66341245174408 61.87261262100455 3828.220192548891 0.9572268458907053 -0.6906762926709411 0.0 0.0 0.0 0.0 0.0
39.3175048828125 58.14184194803238 68.76344469135472 4728.411325820999 1.322309115078732 0.05656246915994556 0.0 0.0 0.0 0.0 0.0
22.4151611328125 35.910590410232544 46.70531059705044 2181.3860379669522 1.7804085114241865 1.633062069445038 0.0 0.0 0.0 0.0 0.0
54.768310546875 69.1694860458374 75.8588011782608 5754.557716202902 0.8569541455754434 -0.9125072096631088 0.0 0.0 0.0 0.0 0.0
41.5614013671875 49.547788977622986 54.707692752782414 2992.9316463328414 0.8523513843127655 -0.680092441344923 0.0 0.0 0.0 0.0 0.0
24.474853515625 38.33085435628891 51.905277517674605 2694.157834186817 1.9859663033432662 2.5931009334193265 0.0 0.0 0.0 0.0 0.0
39.2445068359375 45.47905248403549 51.74978922895075 2678.0406852408273 0.9944968044181643 -0.16630562795028458 0.0 0.0 0.0 0.0 0.0
48.25390625 66.02952575683594 72.92331435126648 5317.809775973629 0.9498317402935773 -0.8882921153529861 0.0 0.0 0.0 0.0 0.0
53.9794921875 63.53729557991028 67.17643552442874 4512.6734897677325 0.5669067707067836 -1.4550248730685151 0.0 0.0 0.0 0.0 0.0
27.7427978515625 44.65648931264877 59.11717244196524 3494.840077533054 1.8664429024966538 1.9575430241717475 0.0 0.0 0.0 0.0 0.0
36.4171142578125 46.949532091617584 55.8785873178832 3122.416520642297 1.3723550486754494 0.9096548780266738 0.0 0.0 0.0 0.0 0.0
37.8267822265625 54.151780277490616 63.88559279230382 4081.368966424062 1.3289820430786834 0.220074171441758 0.0 0.0 0.0 0.0 0.0
48.917236328125 53.77420628070831 58.6575908452506 3440.7129637688276 0.6777611396674599 -0.9085184524308336 0.0 0.0 0.0 0.0 0.0
51.589111328125 65.89787858724594 71.12018140955013 5058.080203727319 0.7970251194208005 -1.068594625319657 0.0 0.0 0.0 0.0 0.0
27.6417236328125 40.21929293870926 47.941706375701 2298.4072102139303 1.3648281874317272 0.268642994260472 0.0 0.0 0.0 0.0 0.0
41.3984375 57.2059440612793 64.69923041513388 4185.990416310585 1.0971330615456274 -0.4240359019332791 0.0 0.0 0.0 0.0 0.0
22.04541015625 35.62396275997162 46.13674862414827 2128.599573607847 1.7054735401388519 1.145916690183074 0.0 0.0 0.0 0.0 0.0
29.1451416015625 45.36593219637871 58.41420057479223 3412.2188287920576 1.7466976718913143 1.5585684922613874 0.0 0.0 0.0 0.0 0.0
30.9012451171875 45.51577618718147 53.99027651495566 2914.9499581613727 1.3587307627101506 0.26234720916025234 0.0 0.0 0.0 0.0 0.0
33.7060546875 48.401859521865845 58.922036580429186 3471.8063947854353 1.514013712023216 0.9925227617249375 0.0 0.0 0.0 0.0 0.0
27.475341796875 41.18038982152939 50.30282975987707 2530.3746818511745 1.5247841469025816 0.8983002471323416 0.0 0.0 0.0 0.0 0.0
54.5185546875 72.13673973083496 86.71579302985651 7519.628760796912 1.3590191651735648 0.4307138845733749 0.0 0.0 0.0 0.0 0.0
30.484130859375 44.37564700841904 52.88111337706047 2796.412151997524 1.3983802713411029 0.5293500936179578 0.0 0.0 0.0 0.0 0.0
35.6519775390625 50.61054900288582 62.0292647840918 3847.629689654971 1.5358925852254213 1.0689630392413338 0.0 0.0 0.0 0.0 0.0
42.83642578125 50.9589923620224 56.42610098604825 3183.9048724877152 0.8356936039861754 -0.8050640179528923 0.0 0.0 0.0 0.0 0.0
28.5108642578125 43.55897042155266 53.819767130999786 2896.567334035045 1.5595384276826767 0.9142748105259018 0.0 0.0 0.0 0.0 0.0
42.83642578125 50.9589923620224 56.42610098604825 3183.9048724877152 0.8356936039861754 -0.8050640179528923 0.0 0.0 0.0 0.0 0.0
36.7822265625 51.23076343536377 60.31772941289303 3638.228481526981 1.3322297114435018 0.4215789157018226 0.0 0.0 0.0 0.0 0.0
50.172607421875 63.19374722242355 68.98528002482283 4758.968860103219 0.841857436413532 -0.9051837499105777 0.0 0.0 0.0 0.0 0.0
52.7115478515625 60.2609503865242 67.36544521729255 4538.103209324044 0.8455169209452521 -0.6524043237599595 0.0 0.0 0.0 0.0 0.0
26.11279296875 42.53542935848236 56.429455561131874 3184.283454925757 1.806477922880999 1.5123747328741324 0.0 0.0 0.0 0.0 0.0
39.2667236328125 55.11166870594025 63.626915293430116 4048.3843497573316 1.2190631555027351 -0.05760856573949891 0.0 0.0 0.0 0.0 0.0
25.1195068359375 39.35679417848587 51.67206399861193 2670.002197876647 1.92494176556152 2.5713710273992714 0.0 0.0 0.0 0.0 0.0
22.145751953125 34.770766496658325 44.293782838732696 1961.9391981648112 1.6977842651955029 1.353410390975978 0.0 0.0 0.0 0.0 0.0
31.3914794921875 44.86634534597397 54.09703107606824 2926.4887712450927 1.488492357771108 0.9874140862557161 0.0 0.0 0.0 0.0 0.0
30.9134521484375 43.4257727265358 50.90931135711786 2591.757982855969 1.3123053064923695 0.3083218233772085 0.0 0.0 0.0 0.0 0.0
39.96826171875 53.54867970943451 62.34691494732138 3887.137803448526 1.2221650044382082 0.06727517859829746 0.0 0.0 0.0 0.0 0.0
50.563720703125 58.82982349395752 64.71240692128679 4187.695609546206 0.7729030444766666 -0.9093532315342427 0.0 0.0 0.0 0.0 0.0
23.1629638671875 35.095784068107605 43.48317942982658 1890.786893326493 1.599669636226064 1.14099122019236 0.0 0.0 0.0 0.0 0.0
29.9193115234375 42.969108492136 50.4898210741361 2549.222032098278 1.2519995433579718 -0.14965407169870648 0.0 0.0 0.0 0.0 0.0
60.7545166015625 61.39874041080475 64.83685312569762 4203.817523243284 0.33526858562107503 -1.4688659148021757 0.0 0.0 0.0 0.0 0.0
50.262451171875 61.436130821704865 67.05262605753143 4496.054661211143 0.8050363295760806 -0.9481828012806903 0.0 0.0 0.0 0.0 0.0
69.14111328125 59.95354104042053 64.19015030780425 4120.375396538502 0.11192173078342843 -1.5423066299387436 0.0 0.0 0.0 0.0 0.0
52.83935546875 60.26219201087952 66.76148705139987 4457.096153314232 0.8118036829183743 -0.6792648251802103 0.0 0.0 0.0 0.0 0.0
23.1112060546875 36.341865837574005 49.82051007795204 2482.08322442732 2.1387756468615953 3.610197146634505 0.0 0.0 0.0 0.0 0.0
56.060302734375 61.426631569862366 65.07417160322579 4234.6478098460775 0.5057944167036277 -1.3276278951844014 0.0 0.0 0.0 0.0 0.0
18.6881103515625 29.63239276409149 43.96450344786064 1932.8775634169506 2.6290854553427474 6.631782570968809 0.0 0.0 0.0 0.0 0.0
36.948974609375 53.23183423280716 60.820329844960966 3699.1125224498496 1.1187973320891405 -0.6099166185673903 0.0 0.0 0.0 0.0 0.0
47.0576171875 57.08507537841797 61.84629993470242 3824.964815613173 0.7360477412103766 -1.1445472726276347 0.0 0.0 0.0 0.0 0.0
40.640380859375 54.69066309928894 61.53509178261518 3786.567520694875 1.0326780819530077 -0.5820590657089091 0.0 0.0 0.0 0.0 0.0
38.593017578125 51.43242508172989 57.15941113337404 3267.1982811140847 1.0213848852922967 -0.42804031849103774 0.0 0.0 0.0 0.0 0.0
40.2406005859375 53.88358220458031 63.339707465728885 4011.9185418441116 1.2883052640138597 0.3628551591263185 0.0 0.0 0.0 0.0 0.0
24.5032958984375 38.920275807380676 49.81778776605689 2481.8119779038875 1.6946116359196333 1.2529391478581262 0.0 0.0 0.0 0.0 0.0
53.781005859375 65.98634046316147 71.51960042082862 5115.053244354989 0.7732960039973766 -1.0328006525845876 0.0 0.0 0.0 0.0 0.0
40.8851318359375 54.31012678146362 61.76422546222692 3814.8195469487996 1.107603340737919 -0.28180217489109083 0.0 0.0 0.0 0.0 0.0
25.8441162109375 40.803686410188675 51.93454453143993 2697.1969156881173 1.657979905458693 1.077189646450556 0.0 0.0 0.0 0.0 0.0
56.5758056640625 53.56291779875755 56.8090407704296 3227.2671132563323 0.2222572991842257 -1.5548442828957127 0.0 0.0 0.0 0.0 0.0
39.5653076171875 53.06936186552048 58.981036560220616 3478.7626737180813 0.9968094580481697 -0.6103294269959294 0.0 0.0 0.0 0.0 0.0
13.9207763671875 23.77266374230385 36.184134793794954 1309.2916107755225 2.6015914401850466 6.009939866805132 0.0 0.0 0.0 0.0 0.0
43.23828125 53.73251438140869 58.74379092435703 3450.832972164571 0.8427485559626193 -0.8284470724707478 0.0 0.0 0.0 0.0 0.0
16.5623779296875 26.479525357484818 35.10020906574882 1232.024676459276 1.8933248037978765 2.213647199084261 0.0 0.0 0.0 0.0 0.0
32.6163330078125 47.37792018055916 57.89126025783558 3351.3980142404534 1.5556964177623076 1.2527685951484715 0.0 0.0 0.0 0.0 0.0
24.9549560546875 36.365238189697266 45.779010312868905 2095.7177852257573 1.680791657907624 1.581433669454312 0.0 0.0 0.0 0.0 0.0
31.7984619140625 43.01006060838699 50.25286597271351 2525.350538471507 1.2770242312478117 0.3009597435552305 0.0 0.0 0.0 0.0 0.0
35.4193115234375 46.708476811647415 53.88803653517208 2903.920481616041 1.1804136489016273 0.058487913726682716 0.0 0.0 0.0 0.0 0.0
26.417236328125 38.52080088853836 47.4015462925059 2246.9065909205797 1.55402707285611 1.1202913085186044 0.0 0.0 0.0 0.0 0.0
27.62451171875 37.82272517681122 43.68071662937076 1908.005005255387 1.2473774535580544 0.25973347272395086 0.0 0.0 0.0 0.0 0.0
34.47900390625 44.24460208415985 51.04338091544479 2605.4267352791935 1.1663443101432192 0.0750795086677285 0.0 0.0 0.0 0.0 0.0
29.7449951171875 36.487471878528595 40.94544416030947 1676.5293974850208 1.0175839193735212 -0.13675780114671765 0.0 0.0 0.0 0.0 0.0
28.460693359375 41.97758662700653 50.39005874352611 2539.1580201760125 1.427719489290569 0.532046557053695 0.0 0.0 0.0 0.0 0.0
25.143798828125 31.775217473506927 35.5106848977807 1261.00874190947 0.9570141726888837 -0.584316519621197 0.0 0.0 0.0 0.0 0.0
41.2078857421875 50.65356236696243 53.80385635967362 2894.854959172391 0.6416118173123726 -1.4230557830499029 0.0 0.0 0.0 0.0 0.0
29.9390869140625 40.5321418941021 45.38678523540094 2059.9602740044093 1.0270718634362974 -0.5842355698581003 0.0 0.0 0.0 0.0 0.0
51.8839111328125 64.30574703216553 67.39298556720134 4541.814503661007 0.5836751622045344 -1.568990541541855 0.0 0.0 0.0 0.0 0.0
30.2777099609375 37.243537962436676 42.902878296947904 1840.6569661627234 1.1032395092213472 -0.03674245458103442 0.0 0.0 0.0 0.0 0.0
56.4627685546875 64.81833380460739 68.03564012155681 4628.848326749991 0.4945556498611516 -1.5467868364395976 0.0 0.0 0.0 0.0 0.0
35.9405517578125 44.56579530239105 51.730899411647464 2676.0859539379876 1.162536671223214 0.12116059682689384 0.0 0.0 0.0 0.0 0.0
43.787109375 59.7354097366333 66.89202402840547 4474.542878616775 1.0362666229215252 -0.5780424593309896 0.0 0.0 0.0 0.0 0.0
38.1639404296875 41.203511983156204 44.684702095819425 1996.722601392129 0.6422713428581146 -0.8038684394171685 0.0 0.0 0.0 0.0 0.0
19.6883544921875 33.712523221969604 50.13368451124942 2513.3863226734898 2.36532084713112 4.173138974275326 0.0 0.0 0.0 0.0 0.0
21.114990234375 35.2364302277565 48.64588253223152 2366.4218873396676 1.991429540711109 2.294130418056066 0.0 0.0 0.0 0.0 0.0
19.69580078125 32.93765306472778 45.44068720499477 2064.856053662175 1.9546171716757172 2.001472040019694 0.0 0.0 0.0 0.0 0.0
27.91796875 43.107398986816406 53.663591809978506 2879.781085947992 1.5878114063517177 0.959282368742485 0.0 0.0 0.0 0.0 0.0
28.24267578125 43.113436460494995 52.7299674199849 2780.4494641126694 1.479500065196801 0.5126356910721728 0.0 0.0 0.0 0.0 0.0
44.641357421875 61.05127638578415 71.77091935362499 5151.064864864543 1.2792590299386046 0.17477374508691845 0.0 0.0 0.0 0.0 0.0
29.0023193359375 42.327393025159836 52.67213376624561 2774.3536754892707 1.6517129160365414 1.6370266909167048 0.0 0.0 0.0 0.0 0.0
14.0390625 21.892333984375 29.355206987308623 861.7281772677329 2.044386953671053 3.2482157304939534 0.0 0.0 0.0 0.0 0.0
24.410400390625 39.99683052301407 53.46627614794581 2858.6426851283995 1.8456079145274 1.6611795454477347 0.0 0.0 0.0 0.0 0.0
18.2813720703125 31.242892056703568 46.54882248550127 2166.7928747867086 2.434140693744374 4.797386978555856 0.0 0.0 0.0 0.0 0.0
15.4322509765625 27.403545558452606 45.748486200730234 2092.9239896584045 2.842011800371514 6.626003121376698 0.0 0.0 0.0 0.0 0.0
