0.3612624863162637 3.0919189453125 19339.99715629433 4156.978656338619 0.8353765023786552 17.6300048828125 534.9195916679319 1.9708252760113434 2.3054162326478886 2.829023376121768 0.8529802910246599 -0.6163520496302938 0.9251424671407713 1.1271036642555172
0.3787563112564385 3.057891845703125 17698.36867789794 3865.31716259745 0.8432478937201107 16.976470947265625 524.572318552177 1.8945393311102476 2.2061301522282077 2.8151452213783728 0.8223112274041587 -0.6219338823760598 0.920475882581447 1.163327502036903
0.26094602700322866 2.8804931640625 27094.73971087466 5319.000867000984 0.8287070264174552 20.0303955078125 461.15513045970965 2.241494235829842 2.58122263727707 2.614939223932197 0.8619490905535441 -0.6238001330265759 0.9434751838513623 1.2208906253108391
0.231111163739115 2.5123291015625 33295.53902635233 6244.120018917663 0.8364597914621096 21.77630615234375 467.49893840219033 2.2998364473020274 2.6027435514542567 2.2827754071995514 0.8247127759545437 -0.646930198059768 0.9513242911110157 1.2729457048305264
0.5189704778604209 2.744140625 7719.519079589377 1736.9184662943453 0.8976972564307479 11.207763671875 366.2809792522203 1.3261478402983062 1.504293763305371 2.618160957759983 0.5940772095522371 -0.656606054772042 0.8668514395412035 1.3764256302950062
0.557661896571517 2.80401611328125 6374.823902875419 1386.408620402378 0.9048537119795155 10.01300048828125 336.5682104239879 1.2094724430919401 1.3751396224801355 2.678211205399066 0.5629560207058173 -0.6529324151116969 0.8466316840961341 1.4384349875273397
0.5117068402469158 2.867156982421875 7528.791832876247 1685.3851616127067 0.8780616533613204 10.959442138671875 351.03699704222174 1.4715241653347397 1.7174441897151667 2.6953445613081044 0.6914246856764653 -0.6236491743737117 0.8774047127315933 1.3937775888962933
0.3314747232943773 3.89398193359375 21769.285613606775 4646.769096620643 0.8330339606774639 18.610595703125 527.4364577880806 2.0268292721803456 2.377138913726638 3.5877658757999598 0.8645300007748925 -0.6032565568790944 0.9249056197643206 1.4624878430412478
0.36087009543552995 3.6163330078125 18872.088266084822 4391.4112971389595 0.8749700797262769 18.25225830078125 514.5287366118994 1.6555817534133295 1.88014615734689 3.393339324270528 0.7106661066426221 -0.635442988518898 0.8993440985594613 1.4652919585114137
0.62070741225034 2.623291015625 4653.73073618925 927.3622426598895 0.8756689372816036 8.07867431640625 289.74423461402716 1.159363366467253 1.4253508231937722 2.450430687495327 0.6957977267064964 -0.5705926223346006 0.8101427580252032 1.2135996743092952
0.3398544345982373 3.07330322265625 16293.340847515377 3614.6263332972303 0.8452895991475997 16.533935546875 412.7126860202734 1.8366517077321778 2.1478864386452154 2.8233758106507594 0.8211521337403038 -0.5918698932932487 0.9039276612197864 1.321658335298259
0.40725716948509216 4.380401611328125 15099.290596879191 3378.962558279047 0.8365260865382853 15.763275146484375 502.62416751806495 1.787041459510844 2.1464085078444453 4.0499080041268485 0.8690921673347695 -0.5756603904440637 0.8966334348947113 1.1932921224781299
0.4172472325153649 3.114532470703125 10075.446821639458 2185.226014201331 0.8030952984205368 12.577301025390625 353.4710692407494 1.881381537200178 2.3614663397846902 2.7006349220706056 0.9993500582576834 -0.5346755011382757 0.8945357456145929 1.114278079139229
0.46086797676980495 4.41259765625 11927.596042629584 2714.627350868923 0.8760547114633404 14.1368408203125 473.59217381934377 1.5262115198000343 1.7648102767847285 4.194058816323604 0.6981119729371346 -0.6122680322041479 0.8772979599442859 1.470793237108433
0.6462573800235987 2.49908447265625 3975.740401472426 776.6677296310663 0.9060685320150867 7.3157958984375 263.3552601585916 1.077216733301864 1.2577908699560216 2.395837713740775 0.5512661115275416 -0.6321335012620352 0.8163916705387817 1.3054867025792123
0.3778531481511891 3.729705810546875 15028.24755117787 3276.1072071710114 0.8259899100961818 15.548431396484375 445.91914382111327 1.9457110484634776 2.3302647091263213 3.399566050865417 0.9017363638339174 -0.5849941674492293 0.9146423132182059 1.3279504162841973
0.4843230857513845 3.416534423828125 8337.994161619603 1826.0674671982997 0.8587261339405476 11.584686279296875 358.8572799902968 1.6005333446857124 1.909445615497114 3.153228314755836 0.7857845613376933 -0.598882640703473 0.8859671177103625 1.2097237868357364
0.4301550071686506 4.47601318359375 11816.12040476864 2542.1934335779674 0.8315098065661322 13.80657958984375 426.5030297881242 1.8111719128693962 2.187307186694132 4.083035381780974 0.8980536981092264 -0.5825868321383431 0.9030326165993727 1.3193236820945116
0.5063380696810782 4.04974365234375 9063.274753869864 2031.8688770500921 0.8977182612641281 12.24725341796875 413.3483123370554 1.3592982115881067 1.5273576702377627 3.860595015939907 0.6011190982979651 -0.6601711370098622 0.8715251167950301 1.447508907339983
0.3060423322021961 3.3023681640625 23521.543080301508 4805.675707417922 0.8205708996589953 18.937255859375 506.9876499482234 2.183279741139966 2.575328751788546 2.9843200820178026 0.9123127082567861 -0.6063520617181841 0.9375188491607519 1.2418073333327773
0.5212555108591914 2.79791259765625 8095.639317783948 1787.9585471479259 0.8754005533358742 11.28765869140625 387.78041009953836 1.4730472452988403 1.727842450811956 2.623307253519897 0.7033810996783566 -0.623652622183834 0.8785669039899222 1.2446331891166542
0.40687771793454885 3.168792724609375 13768.202521874682 3037.844799743558 0.8456434979595848 15.046051025390625 453.6087430745061 1.8007156530096309 2.1251303352129547 2.920555304089305 0.821331772822567 -0.6017229043446479 0.90630369496045 1.431605394498479
0.49458547681570053 2.646331787109375 8747.912731536113 1947.603162642613 0.8710060958992476 11.895477294921875 386.1477857535592 1.5060774572332853 1.7552860990284576 2.4795351460603 0.7100162645056453 -0.6240282306360285 0.8817464908573639 1.3707415792677353
0.42715640692040324 1.633880615234375 10793.023609287742 2303.8997209393415 0.8385799472370106 12.948272705078125 391.3849415443493 1.798892808029724 2.1635187093916888 1.4284087093979565 0.8400657989675486 -0.6069214650497815 0.9114510892361047 1.2381109361374005
0.31659456761553884 2.32147216796875 16211.184540353848 3339.922067935457 0.8206322329382929 15.713134765625 373.457866577377 2.163388326335323 2.5657494465359325 2.039425650801604 0.9134676365955405 -0.6024767581626782 0.9356892706165474 1.0765715100391609
0.3403798555955291 4.070892333984375 20105.584826065027 4387.134867344655 0.8616563203058336 18.227203369140625 502.12081634002385 1.8776965378565116 2.147681295836773 3.827538653630711 0.756791079641393 -0.6328873289984982 0.920416673446107 1.6026693986421732
0.2581515018828213 2.981597900390625 25578.150010156547 4863.006167855767 0.8027309608396864 19.074066162109375 434.806352583298 2.3497418523614226 2.7916372811847343 2.6278441577460967 0.968925970802594 -0.5916597694134181 0.9433649629098217 1.120845862731125
0.40412861853837967 2.444976806640625 15056.9930346805 3351.9370726425586 0.8742290069758705 15.724273681640625 488.1180027886272 1.790675827812344 2.0281060564868927 2.2894490510857963 0.6946157477708924 -0.6731104553625892 0.9261776551696568 1.2861432819010805
0.44631951954215765 2.579254150390625 10931.071112937809 2409.9934320384637 0.8512326956404008 13.334869384765625 414.5433508488446 1.7006861816292729 2.001009564477272 2.3757311540594515 0.7865466063454252 -0.613851547560557 0.9010915960617227 1.3431498317874186
0.50668870145455 3.63079833984375 9292.667103828418 2100.7000187252206 0.9010971102212817 12.2960205078125 424.5803931886485 1.422016269603883 1.5692889007961635 3.484807577596257 0.5756134560902418 -0.6834701157356858 0.8870573880772471 1.731556959373736
0.3176177078858018 3.57659912109375 19875.367574841624 4175.646323687943 0.8073613318538881 17.68145751953125 455.72366857971997 2.0735584849288746 2.509680759999626 3.2039610091871964 0.963676966417648 -0.563216863481366 0.9176082589633002 1.1890878747646756
0.39406199753284454 3.053436279296875 14939.405675570695 3292.1711218124133 0.8487891686610891 15.550567626953125 469.7608472082949 1.8967180860653508 2.218329939094011 2.8105076177649266 0.8119688810254801 -0.6239900726632328 0.9221045201892737 1.260279770908343
0.26037371531128883 3.301910400390625 26364.97417489211 5617.563505821661 0.8386233354219723 20.640106201171875 449.1530378911411 2.0131002905582163 2.3108431408800674 3.040496418436362 0.8264797681674785 -0.6063518467336974 0.9217518138269638 1.5216201747232363
0.573579603806138 2.3338623046875 6060.182150160648 1287.5078775815864 0.8930952451568457 9.57904052734375 334.17456613258423 1.2477473315434282 1.4514753479794467 2.213286535363295 0.6149574203529475 -0.6369274935053437 0.8499876828851857 1.4266507998224194
0.5870316843502223 2.325042724609375 4297.514514077268 867.8343499359326 0.8587269151174686 7.746002197265625 250.12624086196462 1.350121104521277 1.6839278716036106 2.1081987015341497 0.7702119087253497 -0.5631780947839651 0.8426278548961965 1.0706224260529662
0.3079409501515329 3.3154296875 18975.256442561684 3851.0366532839835 0.7755112329175764 16.97369384765625 418.442636650085 2.1886034039359585 2.7187575554848187 2.82626117230393 1.0800451978056589 -0.5330510357474111 0.9176770461516569 1.1193153144482948
0.4860066045075655 1.854949951171875 7963.7895844921395 1759.5119205460514 0.866532964974938 11.284454345703125 345.2585774771861 1.5306618147128377 1.7911524913677779 1.7063363344582854 0.7275378305217077 -0.6247037318354366 0.8858596442652327 1.1799510541535994
0.5532734482549131 2.421875 6199.315262224337 1330.4934243185016 0.8872839561559787 9.7626953125 324.11397255264455 1.3498502685148348 1.5771824908326937 2.2842301115097143 0.6459852130282365 -0.6296704469621132 0.8634735540890356 1.576534213720267
0.39601283241063356 1.87115478515625 8538.779499362536 1957.4254676533783 0.8595505056018355 12.0272216796875 272.78901022512673 1.6765072384785202 1.9621856252429142 1.7107083946111743 0.7498940792177465 -0.6061688243227294 0.8942714270808276 1.237110590913258
0.36191883590072393 2.610137939453125 14564.290257581719 3291.697932955638 0.868124881835403 15.605987548828125 402.2429814102216 1.802211421548963 2.0325061454669644 2.4373543954771435 0.7129975702300744 -0.654239606091836 0.9197468382492479 1.3104827678559334
0.3158811694011092 1.613800048828125 12322.283494997784 2568.9039858231436 0.8076731698126238 13.777862548828125 284.54388215793017 2.0794592003594143 2.5150816897864767 1.3577100411158085 0.9339769498562642 -0.5738211882192477 0.9222137742384615 1.175507851451909
0.6968779871240258 3.06353759765625 3432.0771001556836 629.0432124985391 0.9286072365062246 6.45379638671875 255.58124065342986 0.8365772457757245 0.9462021865136228 2.9770745638670633 0.4348857644278431 -0.6589133578315755 0.7650909164394721 1.3848273887575442
0.4247738663107157 2.0743408203125 9409.296110768284 2147.5863288279834 0.8640759536388121 12.588623046875 332.3393215859287 1.619007450262007 1.8860936592431594 1.9136477220456527 0.734555701479316 -0.6161060624138979 0.8915273762716648 1.2705880455742196
0.5000433726236224 3.0382080078125 9684.075740341921 2156.566296610551 0.869961378841724 12.4434814453125 434.2610179242338 1.5274096291575456 1.787268529728499 2.8514615734222843 0.7214085889390918 -0.6240891745625339 0.8851756783360006 1.3440803353642852
0.17760578589513898 2.248931884765625 35481.66403964097 5742.656230474277 0.780079342599992 20.813690185546875 349.7940433128799 2.5731557298576204 3.0601975890333217 1.8934916824774177 1.011575301413004 -0.5787891417804941 0.9507009576883014 1.1367658264098595
0.6251688944175839 1.860443115234375 4055.07286304431 826.3139012287074 0.9146322568601093 7.584442138671875 254.89458340136122 1.0417775619550669 1.1896518733601384 1.7835309538386923 0.5054352798255946 -0.6582781841715014 0.8178381647437001 1.2943706977206768
0.5858717663213611 2.912200927734375 6946.3830954083805 1434.134322613536 0.8736351192967733 10.078399658203125 395.85345566123135 1.2867672185641055 1.5489439715648752 2.7274975249629847 0.7111903777123307 -0.5934147972262003 0.8412165224217898 1.3700838510420525
0.4983424353413284 2.88916015625 9344.588601397216 2101.1544623161985 0.8849250018608512 12.3101806640625 416.2893996944849 1.4844302662678155 1.7072376944626255 2.7317083391701544 0.6578243842232695 -0.6449000962646382 0.8859507364422383 1.4185147128428781
0.45961948297917843 1.746337890625 5532.506397679662 1204.6793364602236 0.8380430491135793 9.21923828125 225.1055368869711 1.7325896162495171 2.11374839700566 1.5343686932983474 0.843424822246501 -0.5847914196022959 0.8980266766906007 1.0867677005197174
0.29269970394670963 2.3287353515625 26798.724761075773 5321.78870949912 0.8053439994264462 20.03717041015625 543.4052887195505 2.218304118544788 2.63704699325078 2.0277435121972758 0.9508343973470108 -0.5998197417674308 0.9385373523704419 1.1334435612589173
0.4915016866289079 3.581787109375 9861.627255885656 2165.707083481746 0.8497309801479016 12.55291748046875 432.6268850065628 1.5891068061590696 1.9153669913440043 3.3123483859237695 0.8178256962900435 -0.5844107002396448 0.8797021019785511 1.3774836107174522
0.34738646168261766 3.38043212890625 16853.63902946825 3707.366019150475 0.8601935564718259 16.73199462890625 438.63035708693883 1.8478628663190861 2.102335587361602 3.1502880948246457 0.7577197289967668 -0.6286432243460142 0.9154133033798972 1.5123618944169832
0.25703876558691263 2.4942626953125 33830.15709967905 6350.883744120125 0.7920194948948649 21.9212646484375 566.807795546244 2.355034614930115 2.8117414175230024 2.148410560155753 0.993780157099714 -0.5909203903476586 0.9440475654023579 1.111343537153949
0.6118136332370341 3.853546142578125 5723.223003327699 1169.6432107308874 0.9009974445879876 9.100982666015625 348.6747327297531 1.1138346365256944 1.305437608850928 3.69445325670182 0.5888032370957618 -0.6142222770783206 0.8149805611411838 1.394237293811694
0.3244000575505197 2.9517822265625 18763.599262034393 3965.6653704115633 0.8298744760078358 17.24853515625 444.1351337205997 2.0567242410889035 2.4045058524799967 2.6831737730544774 0.8663822308456864 -0.6072475192425089 0.9280881913154911 1.288578962326875
0.5268661752343178 3.420501708984375 8817.701781985475 1946.6792474170798 0.8817775948556315 11.745758056640625 428.8537061955335 1.4610779142560035 1.6940376974624705 3.2432883276283633 0.6745568884756218 -0.6395394748118453 0.8820902899659789 1.3936150028350998
0.19983286736533046 6.66461181640625 41018.05355088641 6768.848704949734 0.7621512762526889 23.00335693359375 492.2629085630581 2.5614453446053185 3.0835731802343243 5.861481670934154 1.1344254786888832 -0.5380688724150461 0.9381972019226354 1.3508178999288376
0.4157242514193058 2.2518310546875 12865.093019738935 2879.5587497601555 0.8797550142945232 14.524658203125 434.9159474705557 1.7637537559088936 1.9800935311450034 2.1136831872047424 0.667599788867262 -0.687602017796644 0.9275897069561448 1.2640193540866973
0.327901768963784 2.610687255859375 18365.925267668303 3768.786444912193 0.8017583420731327 16.739471435546875 444.45057320504293 2.1739413920188553 2.6275642206632326 2.256347373421761 0.9842346342904427 -0.5796711144258301 0.9309650693483047 1.0890793380551353
0.5441972436383367 3.541168212890625 7812.23171806582 1703.130865242093 0.8836238051830974 11.056243896484375 398.4485253538884 1.344721216491258 1.5646565051303474 3.3695088767895527 0.6618425506327862 -0.6211772165146067 0.8576699104546676 1.5750689632457728
0.3861925322562456 2.52923583984375 15163.363765955413 3362.0506955463034 0.8690017212294059 15.76025390625 458.4802617937239 1.8397745044583316 2.0882186101919356 2.3633682513284384 0.712733174342219 -0.6636659576397385 0.9272520474511061 1.427710000951259
0.5195237188600004 3.766021728515625 9536.55318339961 2096.4540791562254 0.8661535089740577 12.313140869140625 453.78569787882725 1.4388119617318778 1.708742324316635 3.542417083734165 0.7437986760658034 -0.5985867772433793 0.8642788709757416 1.5234299717811486
0.6130575435236096 2.402618408203125 4684.179091900105 958.342008134664 0.9033172585843057 8.188812255859375 285.93769237293014 1.1553485435661914 1.3310387685265612 2.297643367596322 0.5645360098366288 -0.6455324468462179 0.835923784895893 1.5721729022669995
0.37922598188742995 4.19580078125 18280.65520539381 4016.5782248595524 0.8301382478634622 17.2322998046875 542.8496458746968 1.9023485909961804 2.2752410011967843 3.857152200744167 0.8890066589951949 -0.5877936770109095 0.9118948395517166 1.535039679808943
0.3329859026707709 2.162017822265625 16665.437896987587 3516.657384818478 0.827472195581348 16.204681396484375 409.17213643051286 2.0588399649835614 2.415025239271073 1.9261978531667978 0.8673212156508205 -0.6151746405488258 0.931557711195914 1.0993758013210764
0.562372965272516 2.697723388671875 5828.86897870316 1221.4354043000058 0.852498589742297 9.239227294921875 315.5904281914354 1.4081445471773908 1.7499898141247443 2.450772646432654 0.8036800889606067 -0.5614197973934185 0.8497925983146936 1.1329985383022039
0.3004517168737948 2.05828857421875 17611.07033406563 3489.0676509161167 0.8069838323452436 16.093505859375 375.92239269230413 2.269643673381867 2.69774374012867 1.7741455512450557 0.9460022716439498 -0.6034035112542805 0.9427243174363432 1.0661078366045507
0.42978259827941656 6.933990478515625 14300.700345286888 3173.9398802976393 0.8511921387613699 15.519683837890625 515.4739784947158 1.6387223639975546 1.9454765807252832 6.5136513508983285 0.8214407484528043 -0.5772033672095285 0.8791882682761508 1.363213706499202
0.33930857200175524 3.029815673828125 20367.377370458547 4554.839134416325 0.8618904913840584 18.489959716796875 508.6435661138339 1.8442262937678273 2.0948835017900675 2.8280110990290837 0.7454652854857758 -0.6438583972075015 0.9206272082765448 1.3378946108212468
0.6187673378735781 2.727813720703125 5626.784514679507 1125.0023499175586 0.9099541036224392 8.864288330078125 348.04556553473407 1.1837128534827064 1.3407460964934401 2.622838680096322 0.534210965131254 -0.6714029280799014 0.8503979404204463 1.6732217321828533
0.37224568659439683 1.9046630859375 12677.650292215987 2657.7545235141934 0.8095611467090096 13.94268798828125 373.3599731840716 2.0566909355486818 2.498677595480015 1.6188767662736154 0.9442457406095263 -0.5850154444703619 0.9255479891233039 1.057467408082782
0.4919890924356878 3.008209228515625 9692.652414361486 2177.9543621535995 0.8877613916889062 12.457611083984375 423.818324931814 1.5741788980407168 1.7871480244643105 2.8539414885372594 0.6418472493891737 -0.6675964228734749 0.9037425127729695 1.3853458441024211
0.2838565786369145 2.47943115234375 22549.32987830889 4587.435570073329 0.8161745994535581 18.57598876953125 437.46417614844745 2.159912788385998 2.5409476698894564 2.2040154382448236 0.905921807838973 -0.6015877166459698 0.9340253999747113 1.2707755648392887
0.3902276959270239 4.60833740234375 16747.348616992393 3771.3894310460096 0.8590568506685474 16.69677734375 517.8851348023309 1.7795196958779735 2.061771626330055 4.340812753275031 0.771064910751855 -0.6119332867623325 0.9054392042569871 1.4751844842095858
0.4820387056097388 2.6282958984375 7809.019975542566 1724.500714448871 0.8470941541728061 11.20867919921875 334.29342208024013 1.577570197178758 1.9121241937323479 2.3939386529202693 0.8202594764801324 -0.574143105105124 0.8743412373562 1.1446622846849959
0.45144212059676647 3.814239501953125 11796.950703260027 2629.4821108205415 0.8433673346814423 13.942718505859375 454.1644356511839 1.6555380580637145 1.999449644060687 3.531636857592787 0.8377179741259911 -0.5726635846959742 0.8821905189896462 1.3113096616021076
0.6242218976840377 2.667877197265625 4528.739033926401 923.1987824627577 0.9093745721698738 8.050628662109375 283.9032764314175 1.0327110206885477 1.194656712219778 2.5694976166710717 0.5342369867867721 -0.632943990302887 0.8051791294646863 1.4083316278323608
0.5768986693583429 2.64410400390625 6442.106617767835 1335.3603801479994 0.8718268402006806 9.76666259765625 358.86198008421366 1.3120108312247396 1.5833461592040208 2.463740686901474 0.717765592267015 -0.5923505027807775 0.8453220456536431 1.4417430660770503
0.5166320502758026 2.723388671875 7735.6650235920915 1725.7820178707043 0.8836076875481049 11.135986328125 363.83899520876366 1.4260664461023551 1.6600867885391142 2.574561367838214 0.6616701599820466 -0.6315134550145555 0.8745066342067838 1.433808715787865
0.48904709285125136 3.21160888671875 8781.770998533988 1946.3536930867785 0.8429635161915152 11.82012939453125 383.65970365114686 1.6318044794736757 1.9847455143928414 2.932627538155657 0.8461856423598074 -0.5739162191240661 0.8813988058812869 1.1720690389202417
0.5368249928578734 2.86187744140625 6508.972363393536 1439.5853441724466 0.8803177614638416 10.0604248046875 326.8399226795891 1.4272690156424053 1.6806115563997834 2.6875806780828952 0.6850168585440286 -0.6149654550633042 0.8690326363383112 1.3082414267433895
0.4056464694440365 3.47662353515625 17666.877414071983 3914.0988652464202 0.874710563029617 16.902587890625 575.1512667394745 1.7409199609686579 1.9958726530509132 3.254501203500922 0.7194072830312345 -0.675040973149329 0.9244380471457949 1.462729586499727
0.4843230857513845 3.416534423828125 8337.994161619603 1826.0674671982997 0.8587261339405476 11.584686279296875 358.8572799902968 1.6005333446857124 1.909445615497114 3.153228314755836 0.7857845613376933 -0.598882640703473 0.8859671177103625 1.2097237868357364
0.4760112278163433 2.832672119140625 9762.7713151359 2109.111511517173 0.8407039108729732 12.420806884765625 409.3416691650441 1.6874297919050036 2.0466286101684408 2.5691132109382693 0.8493847127723158 -0.5851276608022056 0.8923936038735755 1.1844786764992674
0.33814210956916213 2.613983154296875 16596.70160372013 3538.58858434702 0.8362858969012619 16.165618896484375 415.1734116747107 2.0461503513576416 2.39042151079439 2.373355255962508 0.844242778180597 -0.6188544433794646 0.9313771981257847 1.2557551241245875
0.5406252299435437 2.56500244140625 7094.921083548124 1539.4008498881594 0.8742943771044556 10.5555419921875 357.61676451600306 1.3595975778310572 1.6142451951467804 2.3966684541810537 0.7034419528190764 -0.6080693174100313 0.857489968188666 1.2636625241625246
0.33814210956916213 2.613983154296875 16596.70160372013 3538.58858434702 0.8362858969012619 16.165618896484375 415.1734116747107 2.0461503513576416 2.39042151079439 2.373355255962508 0.844242778180597 -0.6188544433794646 0.9313771981257847 1.2557551241245875
0.44289507204666734 2.804412841796875 11264.409298106824 2495.5295400947857 0.8461156696320009 13.506927490234375 422.0992900900188 1.739647780127849 2.0718175525063547 2.5700257902645376 0.8196419048700242 -0.6025604770926655 0.9023018114169127 1.31254399296201
0.3816626709885895 3.312957763671875 16566.330120421542 3683.9749840363074 0.8710919225751732 16.508880615234375 493.9314469561309 1.838395814778643 2.075367766092722 3.124905367542908 0.7055458676895532 -0.6614611154757601 0.9255577152807032 1.4609196109196418
0.3058669939637184 3.458160400390625 22371.91850044565 4525.243280439525 0.7995173171661407 18.370147705078125 484.3460724778944 2.23061824828947 2.682088742629295 3.06560703270776 0.9910224987611224 -0.5814040073401063 0.9345100038232035 1.249516080399175
0.6163098220713437 3.93768310546875 5389.096968375918 1068.8247020321223 0.9007271329071418 8.75408935546875 333.7079006912775 1.1020945746025084 1.2845022399623447 3.748105803737417 0.5912281229085277 -0.6252536015028308 0.8173795876978597 1.3948287249398466
0.44736150931566954 3.474639892578125 11709.042968904865 2583.869556422407 0.851494497003398 13.819732666015625 445.77486464132807 1.7087181116584296 2.020166026587295 3.222151275555518 0.8054693474645782 -0.5997650513176486 0.8966464585083416 1.3948250697840234
0.5648452234454453 3.191558837890625 5846.223892428888 1210.200692585343 0.8773926211133176 9.342620849609375 317.4002397397013 1.3864728597488754 1.647138295604745 2.9845771422038183 0.7042020944919715 -0.6133917921563422 0.8642454878716741 1.3731976348113184
0.5876757702790201 2.13543701171875 4863.378237456193 1016.5540983306164 0.894577184199449 8.47283935546875 279.1515178575303 1.2437236248711967 1.4367100726632678 2.0251501654720414 0.6029768280816852 -0.6422416443453453 0.8505046215953083 1.4484008285259775
0.489654378965497 2.665313720703125 8169.764526160041 1823.868250577435 0.8668686860873169 11.392059326171875 357.0968340707405 1.6172614326717472 1.8877462681044024 2.4847150022292794 0.7306033924152103 -0.628731032011602 0.8972027250101734 1.3122877473666879
0.4686614712700248 2.312286376953125 8562.576251585797 1918.3050953508582 0.8659329098746391 11.760772705078125 350.1128064759196 1.6350165143815378 1.9036700851281987 2.143522692424142 0.7337506669506968 -0.6278416105383112 0.8983106225577849 1.3843958291681133
0.4078288204036653 1.9873046875 13390.870757646393 2924.1253079314633 0.8482131780841689 14.6519775390625 442.10548632700466 1.8841093932733697 2.189029071382781 1.8017270757175083 0.7945132676996021 -0.6421184451362583 0.9266973007801638 1.1514182636961028
0.29814361641183496 3.360321044921875 23149.01258430077 4685.498857680708 0.8052379722096787 18.712738037109375 482.9996763587036 2.2108301480815156 2.6561833647867514 2.982440549340083 0.9752908101903759 -0.5784816106400021 0.9320865998269365 1.1469344273262112
0.5308349160477519 1.956939697265625 5978.9456307518885 1311.5280895859214 0.8921984498726578 9.702789306640625 294.118034057266 1.3958360939065841 1.5876651529090113 1.8475710114171875 0.6134213192726905 -0.6629204845806396 0.8802725082650426 1.1955902509135863
0.4873922602273524 1.8155517578125 7998.736805732999 1781.143513454569 0.8751446825592111 11.3798828125 347.70609204430366 1.460661861350852 1.7145470325345218 1.6749675885594115 0.6975653487455871 -0.6221983585819173 0.8763991553149629 1.3454058802492503
0.24817974120378494 3.02569580078125 31779.953601263966 6202.141765150682 0.8311939201928491 21.73846435546875 502.70296391759825 2.221973504161413 2.5377117708130608 2.7646279686944126 0.8449630987114571 -0.626225256108105 0.9420338894059315 1.2567146822767845
0.33533604023978114 3.61285400390625 20125.95138842843 4230.136750504693 0.8117935904785332 17.86236572265625 498.2581320410975 2.032260829931144 2.4468501200226167 3.2505908036255278 0.9500155149992421 -0.5714861751068172 0.916964037994951 1.3475036172798065
0.1723265997134149 2.573455810546875 51215.9438878464 8226.342343536264 0.7962402181711913 25.061737060546875 478.8308125155064 2.5559257975989103 2.9615257571152362 2.237060648364661 0.9632180256149072 -0.6066527065879517 0.9549640553443016 1.0820194818108102
0.2915760977193713 2.838348388671875 24629.94059515886 4853.454442654732 0.8122825738228974 19.148773193359375 492.95495560244814 2.2606288291710257 2.672937451542383 2.525314986485739 0.9320769482558461 -0.6034334899612869 0.9415296054044959 1.253665742271538
0.571257593575865 3.162750244140625 5057.0942972411185 1014.3132851323835 0.8544830885669752 8.419036865234375 285.95623719744117 1.4082594856566473 1.753480435312342 2.892703974732342 0.8041114455329585 -0.5504634996327433 0.8441789229551993 1.1405203514981515
0.2839498780667782 3.457733154296875 26141.382142885057 5276.192290570227 0.8318428891605121 20.005218505859375 500.020577243327 2.139161168951385 2.4912864755865787 3.172506087131808 0.8613803371586277 -0.6086604788328894 0.9337070296466748 1.3845676570320518
0.565933573525399 2.862640380859375 4074.327801158492 785.4949386614326 0.8512229893339245 7.309051513671875 232.840907989139 1.4730053881915488 1.8362812704226312 2.5985755105044177 0.8113636825765993 -0.5556507122957095 0.8566632012317817 1.0818842772137427
0.4796266555786133 3.425506591796875 10147.869050285984 2305.1059782603324 0.8835078381785333 13.024078369140625 428.66431652218444 1.432126086323621 1.6332989511700495 3.2283764431841178 0.6714304313868973 -0.6331910915949173 0.8721159578686521 1.396269246935793
0.3286546063609421 3.217681884765625 19373.05868101201 4122.202681023367 0.8150781791149351 17.512969970703125 468.9730323636679 2.0351295469634647 2.4350644654934612 2.883781698223686 0.9306555720123237 -0.5773816758468083 0.9185884625180107 1.2151547772501674
0.42822036193683743 2.857940673828125 12191.496073872833 2733.022237580866 0.8419998995321085 14.183441162109375 436.8004990642799 1.6883556284246815 2.029282490965311 2.6074897409108075 0.8405037731994063 -0.5823966936380933 0.8895772564601856 1.1878104519165076
0.40558693557977676 4.856964111328125 12580.983198569089 2773.595609153286 0.8480382487976172 14.470855712890625 414.5767003008874 1.769258860053112 2.0797593151851546 4.506789887919751 0.8296087191362719 -0.5901003180467738 0.8975231524038524 1.4778271459248147
0.40578929241746664 1.937652587890625 12852.844597703033 2749.4344703297866 0.8287551236161375 14.186920166015625 427.3068810425942 1.9163705126938568 2.2956380938578995 1.7032655363582876 0.8769188205333784 -0.6072456521230465 0.9210707247577311 1.0997713068306774
0.5862775822170079 2.54278564453125 5640.268124561317 1191.007001195223 0.9073328630045379 9.1859130859375 320.9562598854618 1.2202977130375725 1.3796493443657178 2.4417426790516856 0.5441927044611066 -0.6672143929239098 0.8543189548078514 1.5783126874911804
0.3451810269616544 3.140289306640625 20958.12791492536 4513.926735232348 0.8724502873796729 18.308929443359375 533.8698488818095 1.9810155619425127 2.1920924399076966 2.9601089735320443 0.6901660521678805 -0.6906612187578933 0.9426954612438949 1.6035822046329746
0.4038514718413353 3.216094970703125 13630.03572296844 3042.305883478959 0.8607622432136866 14.895050048828125 443.98733499019005 1.8290064836908977 2.1095690561006046 2.9966053053436212 0.7610596542997436 -0.6427827298693344 0.9213146451546864 1.4256873948042554
0.5958870337344706 2.3607177734375 5528.036267329384 1154.4187490958439 0.9001319650470239 9.0213623046875 322.75824185519105 1.1789192033832612 1.3506570544301872 2.254160946286902 0.5772707878031091 -0.6509206830302299 0.841810675311935 1.4255342905271877
0.20737487310543656 2.6539306640625 36236.028207654155 6609.300335464584 0.8186038083402808 22.39862060546875 439.3437026356644 2.3449426754190505 2.704106271447978 2.3778036576952672 0.8884354869764489 -0.6117292657633646 0.9456436175033213 1.241814201208157
0.4117634166032076 3.20880126953125 12954.559383556292 2909.5282602533844 0.8569792160795828 14.70013427734375 434.58537577478296 1.7316668988664194 2.022145159213441 2.986330601810778 0.7767044890887719 -0.6131765791288399 0.9026293667796 1.343871899986685
0.6804891242645681 2.307861328125 2675.9752359253125 487.8776450833575 0.891821766335473 5.759521484375 193.10047152528205 0.9952900705803425 1.2345359168704528 2.1686588130869495 0.621111447625786 -0.566498561953963 0.7743659191543169 1.2336981819413673
0.3499055770225823 3.464630126953125 16671.40585092802 3636.3072987306323 0.8329767057139805 16.437957763671875 440.64750252413444 1.9620167489857583 2.3204602588364276 3.169854703369822 0.872978450455484 -0.5927853100039063 0.917111046248988 1.3035308838432598
0.5910568065010011 1.76312255859375 3855.4903424417785 808.0593575193643 0.8871240377045344 7.51007080078125 224.36567409745317 1.2211001507591162 1.4499611058550292 1.6503685214129291 0.6389959413761794 -0.6133107959724304 0.8376163889531324 1.1551418107831146
0.48242262843996286 2.6318359375 9117.419941104867 2029.3525922103881 0.8623410439901178 12.07476806640625 390.4099000409881 1.613912509369703 1.9033637607515377 2.4327052455046214 0.7584479019795158 -0.6199178943721351 0.8948585710814588 1.1909466133016438
0.48233769414946437 1.5748291015625 7166.7038335238985 1560.0635572830543 0.8580924757588804 10.57415771484375 307.2237928168254 1.645379674942702 1.9513437271578598 1.4171817832541365 0.7607273718852203 -0.6245354720187307 0.9012473780613626 1.0890899064960042
0.41457188595086336 2.68389892578125 10528.669496085191 2297.9289651238396 0.8134015089060604 13.053466796875 359.61226644294584 1.8256980600834525 2.248323292554735 2.357603812271009 0.9453518809401613 -0.5557859267674005 0.8957547125054678 1.1215843967180967
0.392967548687011 1.434051513671875 11961.342130724464 2558.0991968243598 0.8349427140363856 13.689605712890625 380.2393595849642 1.9092315946312668 2.262018372667065 1.2425122695886444 0.8430039375425817 -0.6176236548882603 0.9227226881407588 1.1037600319110423
0.4802871006540954 2.3048095703125 7486.56031333869 1620.6521140631667 0.8385385139744461 10.86956787109375 320.11468093282406 1.6328989140733154 1.9974250530533524 2.0621539390051566 0.8507460969954012 -0.5758940329700799 0.8835581100630064 1.1149189354218982
0.44374513207003474 2.352783203125 8305.100923753775 1861.8428200248309 0.8519257652514207 11.66717529296875 313.8320197637097 1.6856657919620508 1.9951199787900824 2.1506742787105395 0.7927786006307426 -0.6010413329375405 0.8949824495490418 1.3169039060212757
0.35131472395733 3.16717529296875 13508.525324216223 2819.9083009310452 0.7852435253415946 14.4156494140625 368.2230642947916 2.0897993841200733 2.6169299971948767 2.70618121276857 1.056734775826381 -0.5315985855616974 0.9108528242349045 1.093380711338531
0.33274866780266166 1.934539794921875 12312.56506031889 2654.777001382332 0.8267261506048844 14.006378173828125 308.6398661377243 1.983759005731389 2.359290488805794 1.6930655206120377 0.8830206773827856 -0.5910656627968558 0.9190567391359173 1.198730352687998
0.49982754327356815 2.5643310546875 7776.615144269985 1737.8218638602784 0.8694197510856059 11.17572021484375 348.95378065158025 1.5213506527597915 1.7968603773690834 2.389468351393589 0.7244407264877234 -0.6116304574023447 0.8804473620743881 1.3371381094137436
0.3730676951818168 1.6876220703125 9225.089132348228 2043.2819919356589 0.8375922684146477 12.29022216796875 271.13871884778405 1.8308251646757159 2.167395335466643 1.4921558626540445 0.833125982379889 -0.5941080294374474 0.9064281203889258 1.1833338327177054
0.35107730654999614 2.669586181640625 15829.53310075565 3589.8484634280367 0.8675500905593589 16.347320556640625 418.93491571776906 1.7752780990368462 1.9919150166751578 2.496904990002406 0.7107514825389165 -0.6497225503978769 0.9148377005382848 1.5002289844034062
0.4165258160792291 3.38079833984375 9654.814836646305 2152.014109529613 0.8402288846970982 12.67205810546875 332.28248321217893 1.7133032457520048 2.0650952346512703 3.087525209357409 0.8532670049713745 -0.5709262761112001 0.8874092908069923 1.2630809616696812
0.3703171066008508 3.589019775390625 18330.11916755413 4346.160241119622 0.8824919654732233 18.080718994140625 519.4479913646369 1.5845947135280267 1.7759266331792254 3.4067426635561446 0.6625177971993003 -0.6559198809376662 0.8978667674667309 1.391263938859766
0.3450699127279222 1.9398193359375 11803.50244326542 2465.4190873387597 0.8184376836916505 13.47943115234375 308.3107656784416 2.0810239104477146 2.4933920480590563 1.6916739318824057 0.903577693418496 -0.5982033328842185 0.9301227144665974 1.1054921864066185
0.31119106709957123 3.687225341796875 23791.252240294012 5298.87625270241 0.8519311280868231 19.961151123046875 526.0298049711138 1.9040914177653718 2.176947883589027 3.4364661995401207 0.7896203288523752 -0.6304587589816608 0.9216110774426306 1.3275818822893466
0.3390133399516344 2.52105712890625 13946.011120298535 2887.4407923328836 0.8110161755837175 14.5435791015625 362.6574023807707 2.1097444420878895 2.534315593357674 2.2136816149452443 0.9474177894974786 -0.5931358950176848 0.9306492086761786 1.1959688266105768
0.42852344550192356 3.53466796875 13713.691241354725 3136.5339783208074 0.884591505885798 15.149658203125 485.02594316724935 1.6699525032437796 1.8871249069161777 3.3513115565931457 0.6619287157824382 -0.6687991731635174 0.9133356400127003 1.326538979947518
0.2626285017468035 2.868896484375 19561.881306030344 3864.233781179646 0.8225770662872856 17.12652587890625 341.37216051035307 2.2006175442476166 2.5629951436684197 2.555415116346012 0.9007560384016465 -0.6012151228646292 0.9351053276160471 1.2489951730350415
0.683515443932265 2.472930908203125 3804.2404765837646 691.4040500299052 0.9086932450422924 6.835174560546875 273.98033816316916 0.9851994962975507 1.1486492524861216 2.3762433517745762 0.5354931443069308 -0.6361752996382987 0.7979502178519462 1.6046716020611684
0.6482580215670168 3.312530517578125 4229.358910126911 822.5647807662754 0.8952515791666473 7.569793701171875 281.580846008059 1.0390398233555351 1.2488316652742815 3.156273498773828 0.61577184921165 -0.5840237539377832 0.7875907221295345 1.5266701993729443
0.6554674222134054 2.49566650390625 3969.983215752335 764.4334210192937 0.9208899024589619 7.3099365234375 267.6598662095139 0.9670835438518841 1.0989578307516457 2.40731044084896 0.47569975781304286 -0.655403460237283 0.7982866347329102 1.343862464342528
0.5713953310623765 3.41082763671875 6052.045052037169 1307.4096638768133 0.8812772576350272 9.55999755859375 333.3900801145612 1.293121876974313 1.5352877244435266 3.2338992371805944 0.6735489517923615 -0.5990721914027339 0.8423381658371519 1.3567935055965492
0.5568542666733265 2.924957275390625 6340.848058224761 1387.9233470545296 0.8940748192247288 9.887908935546875 335.920192961753 1.3157096930805077 1.5190496980845831 2.783286044671115 0.6167260371805672 -0.6359468411750095 0.8589132078805799 1.2134817438723695
0.4401219771243632 3.208099365234375 12873.58597592682 2812.060782453856 0.8219831668436504 14.332611083984375 480.5210157701846 1.8094855972508945 2.218048830414092 2.8705605496734847 0.9244693385579007 -0.5671612626504607 0.8985904419108575 1.1316061141151814
0.5048753800801933 2.18798828125 7341.545241464562 1616.945117707649 0.8761841179339172 10.713134765625 337.07387590216604 1.5492403806670165 1.8132881445725737 2.0309758984403743 0.6984556883153507 -0.637178518581479 0.8936320143778991 1.2136203105129217
0.578601982910186 1.769744873046875 3193.1028398135227 675.1104778547242 0.872489208204664 6.852691650390625 181.42087575797956 1.3020676562647449 1.5769630240597297 1.629368386891258 0.7031714461384028 -0.5872925193048004 0.8417631321893717 1.1623942407482633
0.625960330478847 2.72064208984375 5181.639814101245 1047.024457775875 0.9110984540047771 8.54473876953125 325.75552988149343 1.0770912761531641 1.2371633176687211 2.6160457144126212 0.5300034961707232 -0.6504561820274333 0.8224552558462495 1.2662870327032296
0.682207670994103 2.164581298828125 3568.782341518674 653.4151093192377 0.9215002938784616 6.656158447265625 255.94537920036106 0.972895000605199 1.1077336337735797 2.091112902034695 0.469926040465784 -0.6713812463832334 0.8086577505168532 1.249038261737287
0.7558110621757805 2.39910888671875 2557.695657592196 389.76658840274104 0.9289030313017508 5.03594970703125 214.86726556701092 0.7508350832705306 0.8848275500203937 2.3289564685701407 0.42998454234056566 -0.6294559662701159 0.732009407410476 1.2245511206354636
