0.12804914799759728 25.130504403522817 305.3218574859888 242.09847878302642 1.2197265625 0.5044058661108453 429.6957566052842 0.02623150843062145 417.69090228237275 14.692695824327984 725.9167333867093
0.12948571311102974 24.480392156862745 290.4362745098039 249.22875816993465 1.1953125 0.4952902983377082 446.51307189542484 0.028081386697058584 434.05395450467375 13.691037050162954 752.9779411764706
0.15772424612368124 17.796889295516927 238.1363220494053 262.78956999085085 1.0673828125 0.47784341190975077 435.8426349496798 0.053715549688871475 398.223978627197 9.39639251628723 1042.8060384263495
0.1251858253479004 22.834 415.1573333333333 308.42 1.46484375 0.544014504540828 276.072 0.05063542620340983 254.98435837809245 13.171218631294847 778.3713333333334
0.15645546597396218 18.447811447811446 208.56677890011224 259.8462401795735 0.8701171875 0.4924518345432599 730.4915824915824 0.029148186898793435 719.2707569366353 10.067256962163528 986.7699214365881
0.15279768172468633 25.155038759689923 156.328165374677 212.2687338501292 0.755859375 0.44882519632990464 891.5891472868217 0.020245970989690578 880.2425197236606 12.889592991189426 1213.4677002583978
0.1498118544654023 25.172661870503596 202.6115107913669 164.80575539568346 0.814453125 0.5041451960552498 799.115107913669 0.04004666788114918 781.9009065056305 14.272826953561497 1235.099520383693
0.1025018671389183 23.55155010814708 392.23576063446285 307.7065609228551 1.3544921875 0.5474382888904326 391.071377072819 0.029554826369282146 377.85016121070163 13.860008428642155 682.4448449891853
0.11583943217324569 25.953662182361732 337.7713004484305 428.36023916292976 1.306640625 0.513777162576943 360.42301943198805 0.022126699598737185 348.58085958483684 14.888810334588001 684.9910313901345
0.1460442914896868 20.101678183613032 390.1056268509378 204.79466929911155 0.9892578125 0.6417558380300029 701.3464955577492 0.040978292369183524 698.1179221700233 14.406412257336338 767.2477788746298
0.1297020795107278 24.361702127659573 300.2520458265139 281.3191489361702 1.193359375 0.5073801230563793 391.69558101472995 0.02476050303532527 370.8603798387094 14.014492503408293 916.3387888707038
0.11337718267933576 24.816869300911854 378.6580547112462 287.48632218844983 1.28515625 0.5507584634121505 430.3161094224924 0.029189572145873654 421.4833981012501 14.90534352950945 645.5645896656534
0.17787788418733777 14.725663716814159 358.09251810136766 253.85438455349959 1.2138671875 0.549406663182403 495.4851166532583 0.07165144531360482 488.21318423700063 8.767497432261198 604.1005631536605
0.12122454736414853 26.816163410301954 322.71936056838365 281.52753108348134 1.099609375 0.551791286501647 545.0923623445826 0.023711440829993564 534.0039787156967 16.42839562570753 858.8525754884547
0.1856408575306768 19.01159420289855 163.28115942028987 149.45797101449276 0.673828125 0.49292508973813853 1038.608695652174 0.03474422675975855 1028.9460169916567 10.770299063241165 1229.2260869565218
0.12567673101053609 20.492694805194805 325.1347402597403 244.2207792207792 1.203125 0.5261870704764385 439.83116883116884 0.03617486938253626 427.4485149135837 11.866942306261942 648.6298701298701
0.1821642703891541 16.9527950310559 176.57018633540372 172.8608695652174 0.7861328125 0.47940639121443834 795.9801242236025 0.03925925248898334 776.6755661484617 9.211213503006404 1113.5217391304348
0.1452439990851397 21.067395264116577 268.655737704918 208.1457194899818 1.072265625 0.5021394606260509 517.8506375227687 0.030945499955196416 506.2935760859366 12.12681451523474 729.7094717668488
0.1798222501316322 22.546120058565155 148.93265007320645 168.94729136163983 0.6669921875 0.4799058162801136 945.8653001464129 0.025277895948373732 914.7543085972352 12.946034047343844 1714.0366032210834
0.11295134943601852 23.012869038607114 336.9197577592733 260.5064345193036 1.2900390625 0.5149122517889556 387.1445874337623 0.029041149506146578 369.16684470512394 13.194453624940099 743.9273277819833
0.15903969637480403 21.603192702394526 243.24401368301025 166.09464082098063 0.8564453125 0.5435963191494125 787.9042189281641 0.05040909953101059 774.3022609871633 13.037025861597133 1078.8882554161917
0.14109590719412038 20.647747747747747 262.24504504504506 252.2954954954955 1.083984375 0.49642715076352195 489.5117117117117 0.02803175299017279 476.61892581974064 11.74749484274616 734.2603603603603
0.14102192918857734 22.759519038076153 247.93787575150301 213.8316633266533 0.974609375 0.5092578548423324 622.9779559118236 0.026330083071110483 614.2023963698882 13.189069941033619 825.0991983967936
0.18376416777387078 18.362654320987655 406.7345679012346 226.34722222222223 1.265625 0.5783765183180852 436.14506172839504 0.08046606146259072 428.5101239004253 11.783219841737926 572.511574074074
0.15436369346406523 18.995206136145733 211.9568552253116 187.50431447746885 1.0185546875 0.446482771380764 554.4755512943433 0.0435085305774429 525.1777056422467 9.61662524608774 1045.5177372962607
0.14112714374206156 21.74205267938238 242.46049046321525 279.66303360581287 1.0751953125 0.47871587110630875 435.480472297911 0.025395252182741364 407.0959514233332 11.675592662109743 969.3660308810173
0.132166223077053 18.631241084165477 350.60485021398 287.2510699001427 1.369140625 0.5096157327092865 357.0385164051355 0.04243595351846344 341.10858028047267 10.539248800390126 628.0841654778887
0.16945416685463727 22.04951690821256 185.7608695652174 145.79227053140096 0.80859375 0.487038510252473 734.695652173913 0.05618984514964376 694.9512097639738 12.145907628981949 1670.8381642512077
0.1379521445292543 23.041780199818348 270.9981834695731 220.2679382379655 1.0751953125 0.5058709978533786 522.8283378746594 0.029292686108997146 513.3778796702704 12.980567650879731 728.7493188010899
0.1455689223626836 26.876376988984088 186.4418604651163 183.36964504283966 0.7978515625 0.48807497090330737 842.7172582619339 0.022650978994194413 827.0852929142143 14.279254599878795 1332.7270501835985
0.12055194771549783 18.122118380062304 496.19252336448596 378.8093457943925 1.5673828125 0.5731934143503042 275.70342679127725 0.04251393291437737 266.43728128118306 11.167523350241986 438.5109034267913
0.1373518375552228 21.33304423243712 314.18300086730267 242.22983521248915 1.1259765625 0.5365974715343945 529.9427580225499 0.04922756813757335 514.4506444476112 12.186680329841911 841.9271465741543
0.1391280010813683 17.994176372712147 260.10149750415974 372.39767054908486 1.173828125 0.475861299378177 377.3926788685524 0.03737923309529284 351.3893715958429 9.959731221662567 801.8144758735441
0.1556850087408926 22.36764705882353 214.02450980392157 171.8921568627451 0.796875 0.5249776325490886 839.3259803921569 0.026572842223971497 828.4075158437093 13.709851308488236 1090.8933823529412
0.20137096306242316 17.00996015936255 372.99003984063745 163.06972111553785 0.98046875 0.6308205670421626 727.7490039840637 0.0928858528099212 723.6454133417502 11.595672247910663 811.4143426294821
0.13138632530713604 19.099148418491485 469.61800486618006 324.1459854014599 1.60546875 0.5440537512516588 287.3272506082725 0.048085565404590316 280.4512145884716 11.136388032459026 425.47141119221413
0.12982598545899182 24.049656226126814 412.8899923605806 260.2635599694423 1.2783203125 0.5740997904843914 459.16271963330786 0.032884593407009464 454.12697870008265 15.81353207981601 581.3277310924369
0.16412880442275113 22.358344113842172 157.07761966364814 157.01811125485122 0.7548828125 0.4538452320874006 855.1384217335058 0.023074765100516138 844.3742794614252 11.845433666810171 1094.038809831824
0.15363796131763294 15.77269139700079 353.4956590370955 313.71981057616415 1.2373046875 0.5413857903328761 390.46566692975534 0.04198956282569747 377.5920455197979 9.611680398738837 597.1917916337806
0.1180019118766005 27.051476154428464 347.9613928841787 294.6911430734292 1.2900390625 0.5267313306589589 380.7857683573051 0.03331158397596592 370.30255437673355 15.504105551826992 688.7971233913702
0.2078050712302879 11.171111111111111 344.9985185185185 343.97333333333336 1.318359375 0.5162650275860452 341.5022222222222 0.08723741743299696 327.6568758364077 6.463915317977156 477.5637037037037
0.28659185000828336 16.10857142857143 62.61714285714286 84.49142857142857 0.341796875 0.4136988451026264 2308.8742857142856 0.031581478118896486 2258.1068036651614 8.40114784672399 3544.6314285714284
0.18189868200853995 13.78274111675127 236.07208121827412 232.9472081218274 0.9619140625 0.5042755184030316 557.8213197969543 0.046838000341115266 536.7280109231242 7.911562116954388 885.3553299492386
0.13575627005717067 24.94086589229145 273.9440337909187 182.73812038014785 0.9248046875 0.5526426894917377 749.4910242872228 0.04538897601956425 737.5757424214573 14.898020903482406 1037.688489968321
0.135469260020355 15.166045769026077 573.5864821713677 444.11122937732836 1.8349609375 0.5716518594974783 191.08461947844597 0.05945062256671445 177.53854495175915 9.397522252688807 383.9302820649282
0.18969844086001617 17.471861471861473 162.97402597402598 174.5930735930736 0.6767578125 0.4957218054488999 1017.1226551226551 0.03768130711146763 1005.7134768911254 9.831625541152231 1266.7027417027416
0.13398496479007369 26.982776089159067 306.3515704154002 179.2066869300912 0.9638671875 0.5726143969625698 701.6068895643364 0.027631623404366628 696.0485253010356 17.352671843972953 852.5227963525836
0.15977022728626822 21.235884567126725 195.42910915934755 175.15056461731493 0.7783203125 0.508760039919879 852.7202007528231 0.04608357057367993 833.3026157125475 11.849512127799823 1268.0915934755333
0.19745305062083648 13.705378020265004 411.4349181605612 239.8199532346064 1.2529296875 0.581319484478429 522.3335931410757 0.08592249282337405 516.4488412168745 8.895241922889848 595.0795011691348
0.12673378756213746 25.25685618729097 414.20802675585287 287.83745819397996 1.4599609375 0.5416930829239448 308.16321070234113 0.047791481655975646 295.40817181131115 15.331255325875837 580.3625418060201
0.13142070639399273 23.161234991423672 352.1972555746141 218.47684391080617 1.138671875 0.5662696287514682 535.4168096054889 0.0320333526637501 528.1533240813948 14.399770505624623 689.5857632933105
0.1338376262702028 24.09494232475599 235.5323868677906 259.6264418811003 1.1005859375 0.4623700705292955 452.20763087843835 0.023384847361743184 434.3516030231195 12.62628629904648 925.4631765749779
0.11780187556173949 25.76755162241888 515.7575221238938 334.3109144542773 1.6552734375 0.5690343179408279 271.95634218289086 0.048217408846964877 261.53021807375205 16.0580912439012 511.53805309734514
0.15558867758892952 24.60372340425532 199.00531914893617 191.34574468085106 0.734375 0.5281193965912144 967.938829787234 0.023845681484709395 959.5306008115728 15.041869076205911 1181.8311170212767
0.1519505086728811 17.620605069501227 296.47833197056417 276.32297628781686 1.1943359375 0.5056744415644808 395.59116925592804 0.036553053805210116 376.98134053465003 10.143366788619558 705.1038430089943
0.11854583397507668 25.732421875 301.3984375 187.15625 1.0 0.5576925319151371 687.861328125 0.028165116906166077 679.7421797513962 15.972158435903594 905.1611328125
0.11981750077589205 21.89648033126294 330.9792960662526 318.0752242926156 1.4150390625 0.4858369869410605 291.871635610766 0.03368470749417365 272.84526172582656 11.52621904807818 657.7757073844031
0.1540183302668561 18.493557978196232 251.84836471754213 236.23290386521307 0.9853515625 0.5123257027664423 597.1793855302279 0.05702714853882199 576.6966879081915 9.951774823459193 1009.5579781962339
0.14084610869919045 19.991304347826087 377.3927536231884 267.6710144927536 1.34765625 0.5363329981135367 369.5884057971015 0.047501989723979565 356.4349160457003 12.18336279703395 582.6065217391305
0.143055856715866 26.143859649122806 212.0011695906433 209.90994152046784 0.8349609375 0.5116829327190545 781.8456140350877 0.022018313268471878 770.2231145847611 15.06585330953522 1086.1216374269006
0.1428503846519774 20.936831875607385 261.4237123420797 235.10301263362487 1.0048828125 0.5185190792615454 591.2400388726919 0.05358614240373884 571.6342955831188 11.765987627613594 1016.9552964042759
0.12981784470415345 26.202898550724637 279.92367149758456 226.0608695652174 1.0107421875 0.5322265675987943 630.3864734299517 0.025482538011338977 622.4963523459319 15.461710022000489 838.4028985507247
0.178056361932346 22.098966026587888 141.89217134416543 132.8522895125554 0.6611328125 0.4614394109346775 1025.751846381093 0.02509428937114676 1012.9310587850596 12.072672540338411 1332.4785819793206
0.09724684401872723 26.797173144876325 416.7865724381625 284.9208480565371 1.3818359375 0.5558436339595824 420.82120141342756 0.02834562564485907 412.24479728132593 15.98112193497275 640.0551236749117
0.13623124968878572 20.41248097412481 304.70928462709287 260.248097412481 1.283203125 0.48642647198671696 373.2663622526636 0.03199825330412007 360.0359367707367 11.431045670511043 606.8325722983258
0.16944526213186759 18.223148148148148 392.162962962963 186.7537037037037 1.0546875 0.6219324565623268 666.8592592592593 0.06867019335428874 662.6004231346978 12.56530955947132 744.049074074074
0.1661014985969001 16.276487663280115 352.6400580551524 262.53265602322205 1.345703125 0.5186109994952193 330.1988388969521 0.06282270594847393 316.7886898223478 9.505118287870832 510.37518142235126
0.12330950126237088 26.287489643744824 321.11101905550953 307.2485501242751 1.1787109375 0.5259673815215193 445.5890637945319 0.024028166523627634 436.02180047655463 15.368177143184433 699.5849212924606
0.16131102028539626 20.009533898305083 190.59110169491527 207.22033898305085 0.921875 0.46013770629340767 530.5911016949152 0.04326021620782755 492.38749080593306 10.321385895494316 1426.4915254237287
0.19549822558093985 23.665505226480835 101.61324041811847 99.60975609756098 0.560546875 0.42047308125805544 1270.4634146341464 0.02402093020050368 1252.2604454651942 11.895134618142647 1740.7282229965156
0.179439079645247 16.615153788447113 383.3270817704426 240.12678169542386 1.3017578125 0.5509318428348918 434.65416354088524 0.07387179570008469 424.86535111103217 10.28710063252933 570.4141035258815
0.12603406854438265 26.752032520325205 150.66124661246613 133.21680216802167 0.720703125 0.4484414425520807 1006.1382113821138 0.024357212268240083 974.8301866112686 13.318828461658768 1687.8428184281843
0.14816412651028205 18.285819793205317 340.65435745937964 273.89807976366325 1.322265625 0.5122379377816995 327.5657311669128 0.05554807133301322 307.08898612491487 10.365615303266917 685.1004431314624
0.10778289047902506 24.87800963081862 340.80898876404495 304.79935794542536 1.216796875 0.5362814215082692 477.13001605136435 0.02650066593102812 465.22375000881726 14.446221548283852 770.2118780096308
0.13366072125264866 22.620543293718168 334.3497453310696 231.14261460101866 1.150390625 0.5420482296538927 506.8658743633277 0.03146434113610985 500.9134451926058 13.353606699341224 660.5110356536503
0.13008104282385605 21.828257191201352 306.8358714043993 270.7986463620981 1.154296875 0.5194297392328686 491.8477157360406 0.02845868079997158 483.51421777044254 12.487862738354362 669.8950930626057
0.15976336366849436 19.31328320802005 212.93233082706766 240.00250626566415 0.779296875 0.5288029009145732 868.8822055137845 0.028463774755186307 861.2061882783895 11.643183714522095 1034.2117794486217
0.14486101419763292 22.462981243830207 323.06120434353403 191.07897334649556 0.9892578125 0.5832127614267368 648.5903257650543 0.0347385359422358 642.975807649362 14.911409491652398 765.9062191510366
0.1303324224324244 22.850553505535057 333.6291512915129 240.51660516605165 1.05859375 0.5704008018589046 612.3671586715867 0.04491959286791812 604.6810445855905 13.885314214815537 793.1162361623616
0.1406570671999603 20.628215767634856 400.58008298755186 214.50539419087136 1.1767578125 0.5949983456515499 526.7236514522822 0.05325381488720906 519.7582764051762 13.636651031269027 647.739419087137
0.1611800096706002 19.207185628742515 211.25868263473055 177.03592814371257 0.8154296875 0.5093904665199702 838.7209580838323 0.05289310980699733 821.7152207425968 10.63959862717412 1133.42874251497
0.1943578319332199 19.334757834757834 136.008547008547 126.4957264957265 0.685546875 0.4493322478169454 878.7834757834758 0.05128174833422713 813.7762238374803 9.280736644328348 4235.223646723647
0.1821642703891541 16.9527950310559 176.57018633540372 172.8608695652174 0.7861328125 0.47940639121443834 795.9801242236025 0.03925925248898334 776.6755661484617 9.211213503006404 1113.5217391304348
0.14544255041818469 20.62427265170407 341.95095594347464 196.18536990856194 1.1748046875 0.5461361143868043 507.02909393183705 0.04047470140338241 500.4546581087564 12.528311457887988 644.2427265170408
0.1348988653825314 18.76725025746653 222.08135942327496 213.68177136972193 0.9482421875 0.4885129028438563 598.1421215242018 0.03572356835943786 562.3853125999443 10.271518776464937 1109.9412976313079
0.1343771218154837 22.244239631336406 330.50599078341014 244.97603686635944 1.0595703125 0.5654675825876275 591.8506912442397 0.030053377810711136 586.6503118594121 14.039730174868211 713.8801843317972
0.1348988653825314 18.76725025746653 222.08135942327496 213.68177136972193 0.9482421875 0.4885129028438563 598.1421215242018 0.03572356835943786 562.3853125999443 10.271518776464937 1109.9412976313079
0.14843363455676156 20.210091743119268 314.2275229357798 199.17614678899082 1.064453125 0.5536693735268456 575.3596330275229 0.054350628984083826 563.6548238701777 12.337777976545055 799.9990825688074
0.1347031845884808 21.389830508474578 220.22881355932202 193.27754237288136 0.921875 0.49684516511301885 610.8898305084746 0.031146400560766965 582.6648581230035 11.38869901998662 1290.3411016949153
0.11736785788423952 21.6701244813278 408.79944674965424 259.9377593360996 1.412109375 0.5464558258435536 347.4453665283541 0.037038417937514855 334.12129549102997 12.907908424589177 586.2351313969572
0.19958340644836425 21.481666666666666 135.86666666666667 129.07333333333332 0.5859375 0.48281905896403865 1226.9033333333334 0.03164226849873861 1204.2240336227417 12.514666354627359 1782.995
0.1433670948006514 21.940269749518304 248.79768786127167 213.71676300578034 1.013671875 0.4998661541677167 566.1830443159923 0.02789935624668364 555.2093844845575 12.398865590468786 789.9894026974952
0.19243829626786083 19.434586466165413 130.72330827067668 116.29022556390977 0.6494140625 0.4480159046219205 1056.0661654135338 0.033618037861988956 1039.9480061925444 9.871090390248364 1386.5624060150376
0.15556068880012236 22.973493975903615 194.47228915662652 158.78795180722892 0.810546875 0.4863671718144064 816.0192771084337 0.026067140877964984 807.5523701495434 12.589529436277187 1026.1578313253012
0.14697722018386647 18.444959443800695 210.7636152954809 169.26187717265353 0.8427734375 0.5043767967677124 800.3754345307068 0.03783587978447022 781.0539893440963 10.337423451950743 1087.260718424102
0.15496723528989811 20.20515463917526 259.95670103092783 193.29484536082475 0.947265625 0.5331762655156295 635.9835051546391 0.049816058837261395 619.178839551788 12.248656313840408 928.2628865979382
0.14741248564286666 20.334545454545456 307.52 200.27818181818182 1.07421875 0.5438420057910579 556.1490909090909 0.05633208101445979 541.2293671902743 11.991105630380545 823.9545454545455
0.1278898109608738 21.81225033288948 414.9707057256991 302.2237017310253 1.466796875 0.5383857648878629 320.4647137150466 0.0464512644690299 310.27546177850104 12.832224519770001 522.8661784287616
0.15934364123803682 21.64090368608799 193.3448275862069 159.81093935790724 0.8212890625 0.4888353756903081 787.2080856123662 0.03019151279390496 775.6487592227677 11.694920136647164 1047.487514863258
0.16660441134838347 16.357446808510637 330.74468085106383 300.3548936170213 1.1474609375 0.5432195411221759 503.0876595744681 0.051004641918425866 496.2563639993871 9.978504112319913 619.7506382978723
0.11804900464323378 19.759664948453608 399.3427835051546 413.01159793814435 1.515625 0.5198854170183921 273.069587628866 0.03414943537761256 258.18975401416265 11.31460697591549 560.8634020618557
0.12860913583409717 21.31798245614035 349.70175438596493 288.05116959064327 1.3359375 0.5155831699587784 352.62426900584796 0.031110262313084294 340.856397338778 11.857103489810193 583.2134502923976
0.12000536020400064 20.20236813778256 512.7072120559742 457.6157158234661 1.814453125 0.540786593933608 184.33153928955866 0.048558242354377605 170.03125164249613 11.795757969143198 467.26587728740583
0.12605584532680572 21.66640378548896 308.8832807570978 234.99053627760253 1.23828125 0.5066205737603932 367.99842271293375 0.033761982662068556 350.4587546267344 12.39870587504412 679.8028391167193
0.1890636505076483 17.209481808158767 243.40352811466371 152.14002205071665 0.8857421875 0.5252639076407544 775.6692392502756 0.0514812826978858 769.4854350736675 10.602829797169166 883.4994487320838
0.1286892740195222 22.345412490362374 292.6376252891288 302.2968388589052 1.2666015625 0.4826792357009489 336.51811873554357 0.04303390573517763 317.9230148797782 11.602483414853953 717.2343870470316
0.24134357652546448 15.1 208.21234567901234 131.2246913580247 0.791015625 0.5167681552928924 890.1259259259259 0.07083433292530202 882.476293050507 9.786876734231138 987.9074074074074
0.14947987295524837 25.06053268765133 181.01452784503633 207.87893462469734 0.806640625 0.4737475086569939 803.6440677966102 0.022327454269076664 778.7186025845803 13.15811458406916 1619.4043583535108
0.12808958520665142 22.106141015921153 329.0015163002274 303.08642911296437 1.2880859375 0.5053911295903049 406.3153904473086 0.04212917460918065 394.2974226505491 12.009264269411366 654.8316906747536
0.12921182508948895 19.750359712230217 432.3568345323741 330.37122302158275 1.357421875 0.5734843459322868 412.41870503597124 0.037395156887795426 405.6412886475488 12.481048700282862 548.5280575539568
0.15618447205535693 16.670009115770284 252.87420237010028 267.1531449407475 1.0712890625 0.48917280062510987 490.5943482224248 0.03776764326347692 476.4251255254476 8.93891026342868 747.3928896991796
0.15786353493726546 20.154929577464788 419.7383246849518 248.47961452928095 1.3173828125 0.5761976028820865 415.2616753150482 0.06310381723210226 407.49503023841805 12.859079231692462 568.7264640474425
0.16591855620267848 23.82047685834502 152.2594670406732 149.02524544179522 0.6962890625 0.46687651078280734 979.9438990182329 0.022625331958915206 968.3637464932606 13.203817657449088 1256.382889200561
0.10693115756163535 26.85489833641405 269.6062846580407 221.14602587800368 1.056640625 0.5099876629112643 570.6506469500924 0.027510895085643267 546.0684847170677 14.713512112733161 1227.3927911275416
0.11491648356119792 24.385915492957746 278.5023474178404 199.25727699530518 1.0400390625 0.5201442579017895 577.5305164319249 0.027506798757633694 559.9758283874799 13.732247733438285 929.7718309859155
0.16815071589797137 18.817089452603472 172.06275033377838 193.48064085447263 0.7314453125 0.486393388483954 948.6008010680907 0.027794091182652716 937.0308129752431 10.721033968609985 1161.935914552737
0.15872082169263532 16.337730870712402 268.1943711521548 270.7590149516271 1.1103515625 0.5007066795051055 396.81618293755497 0.06570689973856339 351.61681554520874 9.066722742667089 1118.4327176781003
0.1445836424287189 19.251133272892112 285.1758839528558 270.55213055303716 1.0771484375 0.5230490249266163 505.1423390752493 0.031447712335387686 488.91428945892415 11.602514921316608 789.7053490480507
0.1980846881866455 13.871830985915492 214.78028169014084 157.54084507042253 0.693359375 0.5643283877144223 1078.8732394366198 0.048163070141429634 1074.3051300478653 9.399265904292221 1138.3774647887324
0.1295519426335254 19.608076009501186 333.4813935075218 305.35471100554236 1.2333984375 0.5284256712517035 399.5391923990499 0.03320771215080932 386.4029875428358 11.753451000191644 621.0039588281869
0.17689125928435756 18.889975550122248 222.5770171149144 167.94621026894865 0.798828125 0.5344721665138569 847.117359413203 0.04053516084815587 838.7002539972805 11.922084533974013 992.3948655256723
0.15954740526236283 19.265035677879716 233.96228338430174 200.90214067278288 0.9580078125 0.49357999722725737 648.0020387359837 0.049864109867574245 638.6110058550198 10.499419524727852 820.5484199796126
0.17069884145110703 18.017324350336864 310.106833493744 179.57170356111646 1.0146484375 0.5602527604889291 647.7728585178056 0.06862954753769258 637.6581870437931 10.872612219141072 845.3936477382098
0.13539684543569633 20.071278825995808 460.8099231306779 264.8434661076171 1.3974609375 0.5828002671861587 366.4206848357792 0.04049632434325148 360.0997022979331 12.80047426964039 494.058001397624
0.18597586690314352 15.56099456099456 395.2952602952603 263.04506604506605 1.2568359375 0.5732794465648671 433.6146076146076 0.07968946010823758 422.22437350992647 9.815323000218678 609.9362859362859
0.18519942954605256 15.960658737419944 283.27447392497714 209.72644098810613 1.0673828125 0.5161748427310237 543.6413540713633 0.05726111665954311 536.114290842962 9.03743615051513 671.6148215919487
0.15389306377114267 17.01084990958409 299.1446654611212 243.58047016274864 1.080078125 0.5367501319480429 517.9421338155515 0.0407797553008978 506.0770779242352 10.057141443322493 706.2323688969259
0.18121254903549597 14.471264367816092 431.7234617985125 304.86747802569306 1.4443359375 0.5532272056500487 335.59296822177146 0.06903071013393235 328.6600736730239 8.888082035920418 434.7025016903313
0.1571582737721895 14.807894736842105 466.8565789473684 365.62894736842105 1.484375 0.5716340902095429 308.89473684210526 0.06327378436138756 300.3850163108424 9.182669627370764 451.63486842105266
0.16464132879247617 22.214824120603016 165.02763819095478 151.74874371859298 0.77734375 0.45705319565659286 825.5979899497487 0.04108181311257521 807.374101725056 11.885263147045015 1180.9070351758794
0.15887473201194005 15.681286549707602 374.15497076023394 307.94883040935673 1.3359375 0.5384966386637744 340.0921052631579 0.04490423760218927 330.3889921645672 9.646999989940875 496.2887426900585
0.11120207044813368 29.857777777777777 362.31703703703704 296.8177777777778 1.318359375 0.5318350265492767 379.9422222222222 0.02539165214256004 367.76852459942853 17.226333526426764 783.2740740740741
0.1451257033063876 18.030629139072847 335.5496688741722 291.42384105960264 1.1796875 0.5418318379998522 469.5 0.04002125689525478 459.57353638655303 10.821009043283945 650.658940397351
0.10651720307818617 35.262796027501906 336.18411000763945 380.7020626432391 1.2783203125 0.5180461378620567 379.4942704354469 0.016444377447467802 366.5413061598041 20.728431952034573 847.353705118411
0.159589622822983 15.558564658090724 445.2301963439404 299.9478672985782 1.4423828125 0.5661877155455957 336.1530128639133 0.06297534627533476 327.32766221549434 9.74468246812898 450.83953960731213
0.15159131216209695 21.981409001956948 230.1409001956947 224.92759295499022 0.998046875 0.4878318250004326 456.8003913894325 0.041779237250759174 422.7577497926477 12.315233429831201 1275.70156555773
0.17762407486985163 17.22476050110538 378.9882092851879 240.44288872512897 1.3251953125 0.5446793051361285 375.4929992630803 0.07339885292812226 364.0713650978218 10.40150704165816 559.7126013264555
0.1666400882662559 22.008928571428573 190.08928571428572 149.74489795918367 0.765625 0.5073728879307259 828.1045918367347 0.05413563154181655 789.4546350070408 11.916464419018183 1771.141581632653
0.1620017154550867 13.973587674247982 339.33308877476156 341.69112252384446 1.3310546875 0.512431751826387 323.26338958180486 0.051211182194777646 303.02708369008076 7.76791119459177 635.7380777696259
0.1791290056433662 22.26058631921824 149.79804560260587 117.42996742671009 0.599609375 0.49840849904143075 1282.3452768729642 0.025524064849952923 1275.7198654852007 13.169079996360622 1439.4967426710098
0.15438222755907674 23.978319783197833 211.21409214092142 175.8130081300813 0.720703125 0.5482765160363411 1028.9322493224931 0.02524778578016493 1022.5660118862866 14.79878843297871 1198.230352303523
0.1874675154685974 28.2625 115.37857142857143 116.18571428571428 0.546875 0.45618585472820994 1328.6464285714285 0.01819265229361398 1313.3414920261928 15.522901245542926 1858.775
0.12089207967122396 23.724378109452736 326.52636815920397 218.05671641791045 0.9814453125 0.5864961476289072 733.755223880597 0.029511913849939755 727.4836186954631 15.459423862255337 876.0865671641791
0.15221863634446087 25.442401960784313 211.6813725490196 170.52450980392157 0.796875 0.5225292467013574 853.7254901960785 0.03955311751833149 839.9543592415604 14.972468953444737 1226.8553921568628
0.12007335615402255 25.983174835405997 455.30285296269204 227.7622531089978 1.3349609375 0.5953652382069701 446.22384784198977 0.041310659183929156 439.48660863221954 16.752009302725913 595.6839795171909
0.20643311087419147 16.294197031039136 166.83805668016194 128.22267206477733 0.7236328125 0.4847348984220133 906.5371120107962 0.06795437744593652 881.3936762430086 8.6500392580915 1316.672064777328
0.20219475806621343 12.796440489432703 262.7508342602892 186.4571746384872 0.8779296875 0.5563077663830096 793.9977753058954 0.06542600964810347 786.2783974720718 8.289824255780527 884.2769744160178
0.15291960024959828 27.158730158730158 193.53968253968253 171.40740740740742 0.73828125 0.5145293518627119 958.5899470899471 0.022131887693253773 951.0838274627766 15.845816097506628 1198.2301587301588
0.21476083235307172 19.812121212121212 88.70505050505051 98.24040404040404 0.4833984375 0.4169409549678088 1590.6141414141414 0.024109077453613282 1578.6244051230074 10.107528139442568 1832.2202020202021
0.20418280161213323 24.188948306595364 170.5686274509804 90.01604278074866 0.5478515625 0.5655947488029371 1419.3155080213903 0.03885775921391506 1413.8672947399118 15.626439438201954 1593.6007130124776
