0.11053537065163255 4.78460693359375 69072.9489645771 6087.172088205076 0.7781718083400283 21.58245849609375 401.1731736354161 3.1630285245109886 3.636115919020245 4.2779749118165 1.0327396818757415 -0.6589646222662675 0.9828890251969205 1.0441235965220421
0.16872074361890554 7.83056640625 45399.71271418869 5081.376334557992 0.7738502363943522 19.625732421875 543.4550403523353 2.85329761284485 3.4292838018758602 6.944396894113197 1.1431263804933616 -0.5906418924590582 0.9659460583577725 1.157037843544217
0.26111282827332616 9.03948974609375 26705.62582342667 4546.963998254447 0.800974976373239 18.66595458984375 529.4200954244955 2.402355872178459 2.8595775772000676 8.201335845130416 1.0627066684705586 -0.5853719519786366 0.9444185760902062 1.156183195424223
0.18118037283420563 6.642425537109375 49158.01587447065 7741.5599051862955 0.8026062198149544 24.448944091796875 518.9934565945615 2.5628506918512186 2.96586347785051 6.021915985742055 1.0118981510958713 -0.6330723807125475 0.9619595906140563 1.2234152618482246
0.22585648763924837 11.2479248046875 25210.233156507387 3299.5960328130527 0.8330994361350103 15.7235107421875 445.47295171600217 2.4805924310338052 2.8656380195226263 10.57013572170763 0.9186982051733273 -0.6509096863329648 0.9627742081066136 1.2784401748721732
0.17705091834068298 7.575225830078125 44669.310271817376 6060.473795947517 0.7694698864366812 21.578216552734375 518.2883904536998 2.7531517029946246 3.298963951129294 6.760856068764554 1.134155526487178 -0.5853643015932822 0.9608415681899255 1.1705173413761918
0.37692587822675705 8.837982177734375 15481.114948888204 3007.5641846221174 0.8259933324561053 15.074981689453125 495.24171014779597 2.0350192646661442 2.41044034834817 8.305928721947623 0.9089136379919246 -0.5993418176281592 0.9255388913612913 1.0741888986465404
0.12411444587633014 10.52679443359375 54746.252339510065 4888.699667558671 0.7753325795848873 19.1876220703125 459.65752810493086 2.9803643166969396 3.530022116395515 9.404747075450587 1.162185117529963 -0.6093752911371109 0.9725445104747837 1.1434687794060976
0.29150715563446283 7.516632080078125 22767.2359065246 4142.7479620574695 0.7889466798560953 17.806304931640625 506.34059439356287 2.3535424868940398 2.8593945538500254 6.708141024330928 1.1013299415402622 -0.5610301480141513 0.9361439769707519 1.1198226117663443
0.2352993842214346 6.9368896484375 33342.93957661534 5303.9932868746255 0.7961298274807052 20.179443359375 554.4558828967893 2.5354854263273365 2.9961831799644547 6.255242865591754 1.048687348360212 -0.609606882112887 0.957051481777807 1.10118734451501
0.24695723690092564 11.553375244140625 18866.32333070689 2372.005978524743 0.8159145491124282 13.201995849609375 403.8776239892064 2.489526836335218 2.9118183069954098 10.865053307884466 0.956673560207968 -0.634886648189055 0.9605299514055348 1.1360802951637472
0.3527402561157942 9.25445556640625 15652.197551206827 3021.097550382896 0.830513228063769 15.114990234375 457.42025741882753 2.0885261068176426 2.4760318290691754 8.670116070657969 0.922706540905896 -0.595587079585972 0.9281453162491923 1.0812234243286831
0.2498564920388162 7.174163818359375 27227.339628597198 4534.541138990611 0.7858582572721332 18.632781982421875 485.4321478767799 2.561050171702458 3.0581658599565835 6.4475241189225585 1.0824234661689924 -0.5928707770878847 0.954724210370895 1.0788444846470708
0.1799148442223668 7.806793212890625 47852.46906564074 6987.35288283724 0.7716381001768781 23.248016357421875 549.6117382571014 2.6678170686617326 3.190487768867884 6.957952395677296 1.1397811355152403 -0.5760085247523288 0.9546963369802194 1.205364193311674
0.16384307574480772 15.596160888671875 44337.74748858565 5798.549504651586 0.7295434933293214 21.108367919921875 504.3437167624817 2.9186958666392457 3.5875415821972636 13.54122459503293 1.3532080640962372 -0.5169127101650883 0.9501739142545813 1.1016211296984608
0.23240199033170938 7.6826171875 24909.55332492898 3293.5700189722093 0.8182832273374239 15.7384033203125 453.004495868955 2.5694996518169084 2.9838304042781436 7.211536008082476 0.9280892994046293 -0.6501711727281994 0.9664862595439951 1.0736799422861312
0.18442557007074356 6.5067138671875 32211.29963876143 3830.124063466268 0.7912163354258991 16.947509765625 441.04609786108267 2.7660327053851845 3.249510713526204 5.8854766303857105 1.050517524744405 -0.6197922849748967 0.9676225242875828 1.0897122299095285
0.1610776106826961 5.499969482421875 45887.69353827308 5581.022499730403 0.769270215869611 20.675811767578125 452.6962387712537 2.9281265849507996 3.4120945311294357 4.932774627741367 1.0421780666077374 -0.634287373435912 0.9746438698712018 1.1006979438336701
0.11912697833031416 6.077667236328125 58785.769465092104 4631.020670827376 0.7812247114129668 18.688507080078125 453.2721002611089 3.016423590106189 3.5385673959582284 5.447713379045183 1.0694203524028174 -0.6438799758909565 0.9789302747405796 1.149737494887407
0.11495997104793787 4.357574462890625 59617.033666057214 5723.881859711695 0.7742368441914177 20.912139892578125 371.72393039812414 3.035583468322719 3.508063744783357 3.8505479617775222 1.0443338674497686 -0.6431049492806138 0.9782111754149941 1.1876793960336722
0.26466658199205995 7.43902587890625 28090.5796202396 4931.347621223756 0.7783503408870867 19.49078369140625 541.1541743226082 2.4606434869130385 2.9567654263507106 6.648426416061739 1.1194422408623574 -0.5704202048342757 0.9438265177720913 1.0675416003638691
0.11233917158097029 5.188262939453125 67023.84247166246 5580.398413434625 0.7600590305432867 20.633819580078125 440.8435703166344 3.1008194198100107 3.6627750872546856 4.501982667376126 1.1371739202965039 -0.6134290148914334 0.9761732292330001 1.2314286437593984
0.20742790307849646 5.93731689453125 41491.26295777247 6472.4426260410255 0.7634942896240489 22.36761474609375 571.2296040050026 2.5890093139489823 3.1032251019388677 5.222021168472793 1.1335617110496967 -0.5665654210372253 0.9486213822585224 1.1040250373414697
0.3256990648806095 4.15631103515625 9793.204650276868 1343.4305817949944 0.8317220611837328 9.837646484375 295.3993825617399 2.2219741074685246 2.6332338427422517 3.768718007951975 0.8987021220678947 -0.6282186053167038 0.9473338423593184 1.156821127916187
0.13040913501754403 5.279144287109375 84547.74460129101 12276.907990205296 0.7764764735325372 30.916412353515625 479.23513061895244 2.784664468083313 3.247520854593597 4.733078128388627 1.0538716754554398 -0.6102680752148638 0.9654071639625875 1.165989088430886
0.3266981178894639 4.7861328125 10692.765906784996 1503.8331534745266 0.8273161980091801 10.4241943359375 319.73384587752753 2.248193948892207 2.6491221643953318 4.365034932128765 0.9056773576759394 -0.6363168400554703 0.9504204038544258 1.0638322270344474
0.037762938532978296 12.988433837890625 224737.66573155043 11562.108346488987 0.6968168698837258 29.694183349609375 266.64486859469946 3.4959782484689153 4.24565190861874 11.262316509785762 1.3225123078706857 -0.5372512800482219 0.972531191717785 1.097047119962235
0.331280539277941 6.321563720703125 11830.472718792458 1757.6964349374757 0.8151297067486847 11.331756591796875 357.8241539309994 2.266399931021694 2.718413272195163 5.701829897104801 0.9782484302714191 -0.6023296695415139 0.9433665914567798 1.0554266311923142
0.3236592239700258 8.529937744140625 19419.654884164163 3686.322637814471 0.8529227527346732 16.738739013671875 500.1452616703283 2.0790859033093163 2.364861996428497 8.099479517512066 0.8130176887993089 -0.650612932273152 0.9404278944566733 1.1583186651135982
0.45488934963941574 4.614715576171875 8897.419141112443 1673.0932265468227 0.8500292650284009 11.122100830078125 377.602661979765 1.7922968623403124 2.135980785403751 4.220849580126526 0.8349674042261351 -0.6040257708585048 0.9081272521933355 1.1007789536916668
0.392618038225919 12.754150390625 14857.633844394963 3079.5871439665934 0.8333433601333351 15.279541015625 495.6404679511361 1.9739531096157987 2.327743780052792 12.025777752810427 0.9110532388339294 -0.6039659012535353 0.9219667029373448 1.044431523458549
0.4858220829628408 4.5789794921875 6830.739073894503 1161.9109820050517 0.8520197268270233 9.11962890625 335.8368174521165 1.6825552322593897 2.017994970676848 4.212255879978329 0.8242707171158937 -0.585362395811323 0.8899298440765933 1.1159736525334671
0.45426691323518753 5.28289794921875 10303.234175895597 2050.7803377602113 0.8401459671251661 12.36083984375 425.3579639314121 1.813990568953915 2.1592398063386646 4.82240535832625 0.8727940285204957 -0.6045726277239369 0.9101631388717312 1.0530310937868037
0.2583562550134957 5.995513916015625 21479.20091970352 3232.1295121410076 0.797560383060478 15.554290771484375 444.09473189916065 2.5413790437252555 3.0135758076592998 5.403667378350349 1.029582948299681 -0.6079953871160743 0.9572492297886647 1.076978161668622
0.5430877497419715 5.313995361328125 7726.466786819711 1423.4643565907645 0.8737189392858373 10.152191162109375 421.03483804503014 1.4092284496355747 1.6754740388076905 4.9353575524524445 0.7223529506781919 -0.6034257675950535 0.8627358742294196 1.4055674342779878
0.2521756188943982 6.969390869140625 23927.805032114687 3779.539291965685 0.7886608766324541 16.937286376953125 449.9956599435692 2.5629383558083894 3.0473379224537873 6.290841265116853 1.0596617208600136 -0.6078997958476781 0.9584213959800414 1.0652468376524586
0.1875119931064546 6.6695556640625 46105.72383735434 6741.126731338648 0.776258245802706 22.80938720703125 560.6689305847997 2.6596639285455033 3.1322949309804873 5.950088214100333 1.102425562790071 -0.6010276971124544 0.959531075148235 1.2194606077045869
0.3266686871647835 5.931121826171875 13537.414318887513 2040.349543623569 0.8275766895411489 12.265533447265625 392.9955484957013 2.1934427562832135 2.590279251655282 5.364761285947736 0.9319388524848299 -0.6159086081411975 0.9414339271712109 1.166864233835942
0.32972798496484756 4.9632568359375 14484.128856215202 2410.0907921861253 0.8351553232337867 13.40008544921875 404.6408119285318 2.1268951534237894 2.4653592072228467 4.511330588360806 0.8820981481335474 -0.6474140062889082 0.9448418480677043 1.5508617069207125
0.21798156248405576 9.343170166015625 25746.007334270875 3311.960524878119 0.8036643122873139 15.758636474609375 426.45178167621964 2.64654639820844 3.109414701786708 8.71429089835334 0.9884177476934445 -0.633428335468056 0.9666070219700511 1.123091730541841
0.1947080190293491 6.291839599609375 37833.55339423988 5451.700975891727 0.7780215139606853 20.444000244140625 489.3920849198636 2.67757131569555 3.1654702583538685 5.603006773490108 1.08895430299299 -0.6010749411164931 0.9606370179806908 1.1361828943250485
0.22373275458812714 7.47503662109375 21139.82219924212 2671.694358708235 0.80320243705745 14.06463623046875 383.8795126002899 2.66997271165676 3.1305123624331372 6.996318475933549 0.9521954788277571 -0.6330198555040418 0.9671389232455654 1.1526443109821327
0.14022641256451607 6.509521484375 42657.64304555561 4189.985215952156 0.7485575509419284 17.732177734375 428.95955501654316 3.031550790017789 3.658523929185401 5.687075608287159 1.1861017780758745 -0.5738381964960644 0.9679798110196822 1.0868727423354196
0.23027437599375844 9.06866455078125 24389.914798181693 3227.052687014505 0.8079151909513914 15.55633544921875 432.7961502100645 2.619775302213491 3.0600893875974116 8.510567387806987 0.9570870275361957 -0.6514342374814142 0.9690364577970638 1.0593312301340536
0.3249491243623197 4.967437744140625 15400.385565620812 2555.81466916776 0.8306070340389575 13.806243896484375 417.57175725753825 2.249751360994895 2.6116438481240465 4.524857963735087 0.9022938409691452 -0.6538394417121638 0.9536127045018051 1.2412175672509658
0.16792785422876477 6.4898681640625 52168.17589395011 6711.7800535122005 0.7847799117698363 22.76043701171875 556.5674410882696 2.7689234946768604 3.2705952775137854 5.799245730894654 1.0768780304071461 -0.6041226844282929 0.9646374194964751 1.1165511658592424
0.12321301735937595 5.286346435546875 62220.257895579416 6843.139057389562 0.7687729132667952 22.933990478515625 419.2937205732674 2.933653544227639 3.4676380610065087 4.614171954645883 1.1170924330111804 -0.5966256493194458 0.9683333824402246 1.1060775564848595
0.13808768801391125 20.224853515625 54393.00745761145 5821.046423027656 0.7373110542531188 21.0196533203125 489.758524148755 3.0570647914781235 3.705371195953106 17.857846267996365 1.3126731709718469 -0.5811242725864009 0.9707128480767435 1.0295304298585661
0.11829562578350306 6.43768310546875 83545.3344391964 7467.500711896457 0.7658710976139002 23.97515869140625 587.7719071258291 2.9978837810543415 3.5470199712819825 5.623257783271583 1.152700311107871 -0.6072005505548507 0.9724996179154046 1.1697340208509281
0.391281072050333 6.251922607421875 9715.140407590054 1434.9657707961169 0.8564029416024204 10.105316162109375 380.87952141925007 1.8716842420256377 2.1799076840076235 5.754408096223472 0.8200306815168621 -0.6162823568551058 0.9164115820448835 1.2394226387051934
0.3288789656944573 5.283447265625 17356.642991968543 3024.8325630421896 0.8317003032156245 15.096923828125 472.61034391218345 2.1050460424504203 2.438016345296618 4.794537079966403 0.9002617218780995 -0.6352793239577406 0.9396212686621073 1.328057557913401
0.37172332406044006 5.367462158203125 9819.438217607138 1383.761533622459 0.8549851517435476 9.944854736328125 362.4166465637646 1.9425857804191176 2.242822270834959 4.945524860352236 0.8132434303033765 -0.634393477475568 0.9275592430916757 1.1356964016906226
0.12454453343525529 4.13604736328125 72397.06588997593 6900.539170133332 0.7767662942973048 23.037841796875 539.1748376281212 2.8938676120184366 3.393054280595825 3.5602420215275288 1.0997694568086662 -0.6169903891368624 0.9708111900859775 1.33064165374229
0.47056596726179123 7.953857421875 8965.994148347732 1789.0288222545723 0.8569849615445453 11.52069091796875 393.0551472265963 1.7248421318026184 2.0233697365348116 7.5711551094427705 0.7883848673533072 -0.62040669163365 0.9057634058299169 1.0353351750816535
0.14707821188494563 7.2430419921875 54170.67510735301 6211.646478679371 0.7881175901037283 21.79840087890625 521.1771391291006 2.7795838946010973 3.248658796170449 6.533047622179765 1.0670927429452517 -0.6260899244424747 0.9689653980737036 1.1916069038184698
0.24766822392120957 7.63421630859375 30326.321336428817 5200.236881935711 0.7984003879442927 19.97723388671875 536.2647530804009 2.426802355720155 2.878086788129982 6.886911266763718 1.059085356681938 -0.593952926435354 0.9479161686756941 1.1331531873020806
0.3300495627336204 9.770477294921875 18261.21187760027 3382.7375940351476 0.8138224613567901 16.013946533203125 493.6749372822915 2.229214622911864 2.6293101329933632 9.108260071856932 0.9720014003805604 -0.6116034871011298 0.9420114052521907 1.0404101759283981
0.32989902421832085 4.964324951171875 9769.956903351282 1424.6903819844629 0.8559729166638745 10.149688720703125 294.7206264910265 2.0489983150665787 2.3613365965143784 4.55862514173765 0.8120544171919987 -0.665007668549704 0.9446271863556571 1.3446163412478944
0.12233716016635299 6.389801025390625 78838.82449084971 7986.703427577686 0.785854962170196 24.839447021484375 526.2285585057622 2.9643662138388205 3.4150948724333063 5.701376926324031 1.077135961563367 -0.6435583309841626 0.9763740585935513 1.2225128623133439
0.33232054580003023 4.2275390625 11902.943484386078 1916.5217321973842 0.8561991072764019 11.87957763671875 344.26572961254556 2.0197688484494063 2.3045913794183486 3.881831741383394 0.7884458557683476 -0.6747225640663781 0.9444088009319793 1.3620737242448655
0.12023252388462424 5.14288330078125 71040.21551613102 7062.401569014448 0.7833370730766952 23.30621337890625 456.19337081457 3.01586628428565 3.480945285987492 4.590383361177601 1.0423867943970477 -0.6486375109844926 0.9785818230277789 1.0881778150984738
0.22317434241995215 7.75152587890625 15592.845285128766 1818.0106159130846 0.826829470349173 11.485595703125 291.00249473887743 2.558458255454166 2.920960683017425 7.294369575459314 0.8983077557484875 -0.6711996902018467 0.9690185128281538 1.2198512547338753
0.04208824364468455 18.501312255859375 330614.0712430493 15718.536427255365 0.7037562018242178 34.641998291015625 403.5413276300211 3.518031441084828 4.2661673501349116 16.153494516489502 1.3796694907147695 -0.5601414075364769 0.9774836392597486 1.31259806790528
0.23732614610344172 7.452392578125 16187.4500126827 2248.479813534774 0.8256948172775608 12.87237548828125 303.3293332880769 2.4370934776777524 2.812421832522766 6.996401109630824 0.9059190113292775 -0.6461289217466253 0.9597108928745567 1.0990779018526056
0.1313434042967856 5.70513916015625 64867.96738795632 6674.106202460956 0.7925185281749517 22.65435791015625 509.8737492839939 2.792279951396009 3.2343063402944834 5.101822672193521 1.0364634555863208 -0.647350964803167 0.9728860587329203 1.305248819556397
0.1942571601830423 6.63128662109375 33297.29494778179 4002.459754500538 0.7747989143723127 17.31817626953125 510.1590288267273 2.7578349010551313 3.3232080858659248 5.85821617305578 1.1333354379977554 -0.5807965866091045 0.9604055743750086 1.1064509867262935
0.4746049134992063 8.478546142578125 8393.089830513838 1628.6489363938317 0.8503580133866251 10.974334716796875 379.3791241026438 1.7411028357577867 2.053656716647798 8.055087774210335 0.8110058312176603 -0.6078338962771234 0.9030327696633562 1.0787409357721631
0.22845915239304304 6.615631103515625 27895.358851831206 4184.493654835129 0.7879423713291662 17.805450439453125 471.0418454907094 2.587828394826488 3.081729930406248 5.91983135898505 1.07552397061654 -0.5969080858098641 0.9566928921512726 1.1111319456506288
0.2382352133281529 7.60015869140625 19035.46331172312 2682.048249080718 0.8343276531554012 14.15814208984375 354.4726102570205 2.411578919417668 2.730585417505729 7.175296915824447 0.8695421070083076 -0.6637090765123568 0.9609417616833741 1.2535539349855889
0.1667477865703404 7.9036865234375 36588.170530866475 3981.8368145397208 0.7999628094035056 17.25115966796875 451.66189926928405 2.735291709236738 3.2359773685236406 7.126387951953802 1.0589044719897727 -0.6240553535573993 0.9681798486862639 1.2915529678337274
0.19525098660960793 5.63824462890625 46105.377488675156 6451.1054982741225 0.7643657073307962 22.313720703125 593.0464211310937 2.785982259011686 3.332047855157669 4.897100711103349 1.1487481444265508 -0.5922595674355855 0.963579210877601 1.0884625997047743
0.3294028863310814 5.430145263671875 11693.119969589303 1626.882249732983 0.8445668206306911 10.876922607421875 357.46179672887047 2.094925021211538 2.4169437361237995 4.962480684852437 0.8541195580760412 -0.6418480217852138 0.940556291258407 1.3432905714755328
0.11116559244692326 11.486328125 93272.83980787933 8956.104233184014 0.7251568919260919 26.33941650390625 533.8310540463174 3.0794677238570736 3.7541070382023554 9.922896427224487 1.3262316456416947 -0.5583142997651587 0.9666786908193232 1.270690123889271
0.12700487952679396 5.456512451171875 54026.82554642115 5007.741923651123 0.7917765021392017 19.466400146484375 436.22915725295076 2.8533599604275723 3.3077896541467005 4.897909234124256 1.0286334259533598 -0.6488228035913243 0.9749212812685207 1.3052249575084207
0.25880462024360895 10.887298583984375 21977.715757057635 3356.6928811251455 0.8574291337015673 15.850189208984375 448.9781012267309 2.1391083191668527 2.4267534181409975 10.332920757398426 0.8000103937594953 -0.6701256103979731 0.9494802628341186 1.138749962057394
0.1290466063655913 6.87762451171875 61008.4139347713 5840.753089783542 0.8051985138845262 21.08056640625 518.7799464099953 2.755996789721912 3.21304570332064 6.1841338781168815 1.0247814668973185 -0.6320515885107395 0.9692607392543067 1.3936190571560207
0.05049439566209912 15.66619873046875 196716.39679728376 17676.323273871443 0.7241464813882217 36.99066162109375 210.84868619942085 3.3167387739348473 3.901813259439417 14.073532355295356 1.2043846253755393 -0.5720013683972959 0.9730551670191027 1.0938760834660073
0.3271039966493845 5.5101318359375 12257.374687629172 1791.3318264356349 0.8241004353658741 11.431396484375 360.67252445716076 2.244914091627232 2.6531159732361247 4.999548112530647 0.9228897421301776 -0.6328217568645396 0.949598288483514 1.286605695145108
0.1278933291323483 5.33123779296875 67850.78865509623 7476.273806261788 0.7910347321997869 23.97149658203125 518.3521801036425 2.773623686986841 3.231396162550856 4.729737154955956 1.0527948067413524 -0.6188050567309955 0.9668924987511143 1.3686891861131285
0.391921806614846 4.984130859375 10445.888875046156 1750.930460881038 0.8404060792286911 11.31207275390625 379.11651573988297 2.0215455315925666 2.4063056119547572 4.544617654813919 0.8800413869911917 -0.6142654640725087 0.9307160830202337 1.066887577045394
0.26821493729949 7.288604736328125 30611.39302269168 5294.448689749028 0.792045627095572 20.166900634765625 603.5239316593165 2.424976931414886 2.932621967777588 6.509513872193622 1.0898961225699741 -0.5779345259713778 0.9452263458304128 1.233062142582801
0.5969567578285933 4.20367431640625 4067.3347500140417 685.0909986985062 0.8739034397995114 6.92620849609375 257.06944076941386 1.3425408629213074 1.6224766290715995 3.9145209793359754 0.7164574171825808 -0.5880508041088036 0.84819472984826 1.0782580603607115
0.33420998277142644 10.98760986328125 17544.215804532956 3308.647528736868 0.8108548204359771 15.82794189453125 484.6376741635561 2.1803867541598088 2.6043440759233127 10.251334220214858 0.9947313391948998 -0.5809424185756754 0.9301473232826991 1.0872439217309677
0.3740298910997808 3.837677001953125 8715.764972487776 1425.3750353925725 0.8389209215737172 10.143951416015625 304.95256117190416 2.079390124308003 2.4535413616635893 3.48025192545407 0.8673372049349325 -0.6188426871867309 0.9350631530296065 1.0750609828063324
0.11509819701313972 7.024505615234375 84426.87945291995 8092.9789453049525 0.7642865354144049 24.996612548828125 536.4920604631044 3.0355346976076953 3.5695525928958407 6.254949795118648 1.1274975460057721 -0.6167227848902733 0.9748422235317296 1.1311813021137824
0.23001854633912444 9.58306884765625 26464.179583322613 3766.0314538089006 0.7985440942474243 16.88323974609375 448.6001020222941 2.6155876541526664 3.075813345480566 8.946795528583607 1.0012905510588541 -0.6292182482012362 0.9646270912832341 1.107456653828887
0.25156277511268854 8.877899169921875 27243.643634576165 4230.623932956751 0.812352065577973 17.907623291015625 517.1166793765993 2.509250321103438 2.9145914466628358 8.320859378958232 0.9385932028398394 -0.6342529264752915 0.960471249031589 1.1976159269630517
0.168048950843513 5.29473876953125 56562.458592293166 7455.626221508209 0.7885102931172768 24.03277587890625 597.8020978108582 2.721467220515551 3.19533765500934 4.682398339683459 1.0613484314376405 -0.6031519526208874 0.9621150231441417 1.1268389219364043
0.23624837957322598 7.882232666015625 23517.019468225102 3594.030778431774 0.8358520294528297 16.504608154296875 401.56806958987636 2.438266784895819 2.7448848048155248 7.450561767736929 0.8558715939757712 -0.6770944012107178 0.96455148096125 1.149245495309681
0.23112750658765435 7.85992431640625 20468.64657832955 2578.571521242211 0.8201567118180518 13.83978271484375 380.82254446783213 2.5828140145054697 2.9834236385339827 7.393984387934552 0.913855666809407 -0.6541543151177024 0.9673388676624534 1.1815892614732386