54.1837158203125 55.889513581991196 62.884031980861366 3954.4014781699952 0.8192300592555544 -0.5642697615569774
60.0238037109375 74.4521872997284 82.95505558735087 6881.541247500472 0.8958812934108844 -0.9342714015061593
56.2476806640625 69.85692718625069 76.37631682780182 5833.341772180762 0.8200665951621297 -1.0193001056748132
70.6990966796875 69.81571701169014 73.02081864258463 5332.039955233236 0.28010652835034694 -1.5825651693451428
44.398681640625 60.10791200399399 69.4821804373968 4827.773398334967 1.1912856481260685 -0.14651945812706657
62.6409912109375 69.73822146654129 74.6339826783016 5570.231370425024 0.5830413290678385 -1.3471571110817075
46.2613525390625 63.671057373285294 74.01767174110256 5478.615729973613 1.1701436957968092 -0.38562479960431517
54.531005859375 66.48780280351639 73.8199181159615 5449.3803106472615 0.9060677477251611 -0.7555337554076229
52.7138671875 66.22957015037537 74.11147001067312 5492.509987142901 0.9480468804240731 -0.7223989545790372
61.90673828125 74.16645526885986 80.86917556216261 6539.823556103879 0.7406562395091523 -1.2350315458359105
37.453369140625 53.8877592086792 68.20634683537868 4652.105748627972 1.595133874058681 0.9372238668060149
43.51025390625 58.373141050338745 66.41899750984395 4411.483230212657 1.0756254741119742 -0.5121210929596476
53.180908203125 63.555449187755585 72.10445282679304 5199.052117451223 0.9275085631297274 -0.769675467231731
69.4544677734375 74.26316100358963 78.28153771749373 6127.999147415394 0.4399543435493733 -1.5473079648692394
62.3333740234375 71.43510884046555 77.58151384122684 6018.891289896471 0.6816109701744563 -1.2640611950682104
44.591552734375 59.797196209430695 69.66862049135364 4853.71668116826 1.1697197618877444 -0.3521987456758575
46.93212890625 60.35353410243988 68.79760370201869 4733.110275140017 1.0730797693132583 -0.4397831267454353
55.4427490234375 60.50352904200554 67.66318116865001 4578.3060858615545 0.8131280717882874 -0.7359608181558253
51.4876708984375 63.971891939640045 72.76857917968208 5295.26611582966 1.0100130903309033 -0.6654910530048936
50.3531494140625 52.072308748960495 57.43894789928238 3299.232735776476 0.7427117785453778 -0.6498200919070567
58.9105224609375 70.92779245972633 77.94778124031879 6075.856600288594 0.7951621714566727 -1.0721964170715548
55.05322265625 63.85993754863739 71.74675242354758 5147.59648332583 0.8928958672403958 -0.881264427024937
68.17041015625 75.99990272521973 80.4540679600932 6472.857051327295 0.5044761169087512 -1.5666173909295926
25.156494140625 38.74872785806656 55.10576214803427 3036.645021915727 2.1197139121677817 2.9237302285791067
90.95654296875 67.95516037940979 72.10529655913601 5199.173791880951 -0.2343542153849217 -1.6794512877270036
27.6080322265625 42.27165552973747 59.3622912726155 3523.881625134842 2.0650800084398817 2.6956771380739317
74.1024169921875 59.06666374206543 67.44785337891385 4549.21292542346 0.5483283993439634 -0.9363970248987048
31.6337890625 47.76730537414551 64.398058367641 4147.1099215220975 1.8944058053557744 2.0450089365968616
49.6524658203125 63.8886881172657 70.20505533734794 4928.749794920087 0.8424109037783442 -1.133612335001455
31.889404296875 48.36327189207077 62.40907320689745 3894.892418543886 1.6764823944594955 1.106785553490349
46.908203125 63.7793402671814 74.00219500084596 5476.324864943231 1.1706773291083017 -0.30011091104580156
27.0426025390625 43.561371237039566 61.683149287966295 3804.810906081537 2.079849426491264 2.638465547728373
37.1524658203125 54.96849298477173 68.80255480767978 4733.791548063781 1.5500849489282083 0.7476973935541853
43.6253662109375 58.45129147171974 68.6856792256755 4717.72253069239 1.2348788671660338 -0.05857352652901948
34.7447509765625 55.979576498270035 77.42834895321167 5995.149221620314 1.941469397749471 1.9366804071824397
46.911865234375 59.18942940235138 67.53243849181564 4560.630248650863 1.0558696260220901 -0.4300715829634374
68.8131103515625 75.31153112649918 79.66602157459079 6346.674993523165 0.49144053668739957 -1.50082200364609
35.086669921875 52.19955253601074 65.41353895444117 4278.931078544191 1.537796782080861 0.6188348066408009
37.327880859375 53.7815922498703 66.32928157634714 4399.573594434345 1.4647059021214868 0.41341277698422507
42.850830078125 56.76691234111786 66.62827684691935 4439.327275589729 1.2397870928598322 0.0017400074039040092
57.4779052734375 65.05163538455963 69.83677710604181 4877.175436558966 0.6225387636296074 -1.29698930121287
37.4029541015625 50.65444493293762 63.457456929888366 4026.8488400086367 1.5807851545382146 1.1810845625180333
47.6558837890625 58.53442573547363 67.5677975703988 4565.40726851439 1.1053508931057896 -0.24372667980284657
43.0816650390625 57.13293308019638 68.8994004297119 4747.127379573784 1.389773480837917 0.5638606968812185
38.911865234375 55.30376762151718 68.74880393556691 4726.39804257102 1.5333892545378236 0.7983266860059324
68.5 75.2835693359375 79.73144552921082 6357.103406177512 0.49258375343988997 -1.5589244179560875
59.0146484375 57.23853588104248 60.6078680245897 3673.313666486082 0.331646009909433 -1.4735010317846156
62.6302490234375 72.00315564870834 79.52644377019647 6324.45525873422 0.8065816497840222 -0.9118788646891058
75.17041015625 84.89227414131165 90.3174180534195 8157.236003836147 0.5728973441491878 -1.5024896686467952
31.8385009765625 51.26384609937668 70.47299372237475 4966.442844193871 1.914052229825344 1.8027606782608228
44.9912109375 63.106443643569946 74.59826837229191 5564.901644144488 1.2343349718860679 -0.33195212108501293
30.0224609375 48.25663948059082 66.55155699451572 4429.109738394274 1.9307372117995798 1.8815382811060566
68.244873046875 78.68105036020279 86.28866499057787 7445.73370585618 0.7464804718710077 -1.2561640571450974
33.8109130859375 50.055409997701645 62.370385296843274 3890.064962076684 1.54425174415181 0.7874648717045818
63.6953125 71.76871871948242 76.10685987725432 5792.254120376023 0.5526485138590093 -1.465633074354975
59.813232421875 70.59273040294647 76.01738892562923 5778.6434190703785 0.6919361748326021 -1.1892004962492562
48.3511962890625 63.7130540907383 73.35447391701872 5380.878843642579 1.1161387105150764 -0.3806096320778334
25.828857421875 40.05132657289505 57.85423237246213 3347.1122034068453 2.126202796718143 2.755701283178901
73.0966796875 76.58878064155579 81.7067207161846 6675.98821019259 0.49698382172721883 -1.4784223374595382
30.8878173828125 45.979843229055405 59.54803515075511 3545.968490315566 1.6636988641373927 0.9648446788149356
62.9248046875 63.840819358825684 68.51456484827241 4694.245596348126 0.5000504763896052 -1.2781280506283976
27.57177734375 39.91549777984619 57.39771206355581 3294.49735013086 2.185097697451714 3.353769729292061
106.233154296875 69.6582823395729 84.02571002798992 7060.319945707846 0.27403188767610365 -0.9872000382835888
29.8841552734375 41.03859528899193 52.89909156898299 2798.313888823647 1.6395954979931915 1.065492343305741
65.4365234375 74.761474609375 80.13006228757506 6420.826882210658 0.6338020934398573 -1.4291563657690285
52.8074951171875 69.7663182914257 80.35589666082406 6457.070128165035 1.119672276853249 -0.4404483369546526
32.08544921875 48.26753747463226 62.40449392951451 3894.3208625988127 1.7063334713275013 1.3254613753932274
50.7750244140625 63.405220210552216 70.3698449185513 4951.91507386096 0.895994581606846 -0.8835465344711086
34.925537109375 47.579091012477875 57.50627890071273 3306.972113006558 1.368318183555549 0.23283338580623436
48.4747314453125 63.12026259303093 72.19207445008128 5211.695613406077 1.0740872381148052 -0.5474237653016916
69.85498046875 79.57842195034027 87.48950839086933 7654.414078475995 0.738749745357892 -1.1173581286128038
30.7200927734375 47.632775127887726 63.13742288312445 3986.334168322487 1.7821866134792967 1.4042045729583936
80.124755859375 78.45377743244171 83.52225218248101 6975.966609633954 0.36100962169636175 -1.5397329328899403
52.147216796875 63.70843720436096 71.47860773175289 5109.191363269804 0.9251090852555701 -0.9465393591619264
45.5086669921875 63.30309879779816 76.66858996787734 5878.072687662502 1.3574767661540765 0.022694682356652507
62.8878173828125 78.28568881750107 86.35083155160618 7456.466109653865 0.8654992729772889 -1.1241333088302585
101.3218994140625 49.01893901824951 58.7046641783608 3446.237596294118 -0.3151628511597945 -0.5904638047216992
31.77783203125 48.09839344024658 63.79748516176063 4070.1191129650683 1.811038365853958 1.6701710391081468
69.2381591796875 72.13475516438484 74.90438649720767 5610.6671165230655 0.32827582441843484 -1.7009950596082624
32.5513916015625 49.53852152824402 65.09323569080573 4237.129332698784 1.7790042103471155 1.5329994953942752
65.52734375 80.31076717376709 89.33984877723108 7981.608579538518 0.8606830515042168 -0.993819359336042
19.7977294921875 33.22374925017357 52.4216676004217 2748.031234009102 2.613256970496291 5.41065978561396
46.6212158203125 62.28216511011124 70.99507397670239 5040.300528957445 1.0893417779007732 -0.44513577106707114
25.98974609375 39.596951603889465 53.34987487242968 2846.2091489039035 1.9027068275930297 2.0812702206306666
74.2747802734375 76.16748887300491 80.5121823634472 6482.211508924977 0.404765575871436 -1.5606508609098966
46.9002685546875 59.58334603905678 68.76038940546695 4727.9911511914515 1.1382983466745238 -0.17301726634248382
53.7060546875 67.71949601173401 75.70237601975866 5730.849735036931 0.9266207094541362 -0.8661053697454943
74.6024169921875 80.72474724054337 84.39161585305891 7121.944826290264 0.40340792115470103 -1.6693208104166106
42.5693359375 54.170485734939575 62.75750188717658 3938.504043118972 1.108779252353652 -0.4860960230991185
36.339111328125 50.02645409107208 60.44105376471599 3653.120980189289 1.3916500464232646 0.39668334797252225