0.1525681485010925 23.115921787709496 112.53072625698324 113.8268156424581 0.69921875 0.39865894360185816 778.977653631285 0.03920566436298733 671.4598309181256 10.312106870665785 2952.881284916201
0.19270114624735696 23.795332136445243 61.628366247755835 80.41113105924596 0.5439453125 0.3034299714262173 1126.0897666068222 0.02564415512221934 1007.3220147453048 8.549614887571538 5992.4039497307
0.19869361824703657 22.43932411674347 81.58678955453149 110.92012288786482 0.6357421875 0.34090922060059586 868.8479262672811 0.022942633123441775 782.0691379717052 9.402982273930496 3549.643625192012
0.1781195568133004 21.79957805907173 54.0126582278481 83.12658227848101 0.462890625 0.3327512658500762 1320.5232067510549 0.0285921297998871 951.8412521297921 8.777162644128433 10718.76582278481
0.28450141078547425 20.173684210526314 33.77894736842105 55.8421052631579 0.37109375 0.2652084131708666 1820.6473684210525 0.05469534334383513 1629.1829657705207 6.717619911736754 7011.602631578948
0.14850747196895436 23.017543859649123 101.75689223057644 166.74185463659148 0.779296875 0.33207613834008015 666.593984962406 0.024342104307093416 606.5803593609268 8.863634319466108 2430.68671679198
0.14719654540552535 30.493171471927162 95.24279210925646 107.63429438543247 0.6435546875 0.3605822266169535 1046.5644916540211 0.01771753510864443 1007.0627590376256 12.418914149478477 2384.8103186646435
0.18717381216230847 22.522321428571427 90.8422619047619 123.54166666666667 0.65625 0.3614543803927778 893.4255952380952 0.04521131231671288 813.7787254651388 9.527779226259597 3452.5565476190477
0.19579191085619804 23.143589743589743 123.48461538461538 119.7897435897436 0.76171875 0.3931010563825298 741.1769230769231 0.04818760676261706 683.376987623557 10.341825125628878 2554.4205128205126
0.19157157648879639 25.24914089347079 57.59106529209622 88.25773195876289 0.568359375 0.27314916581461873 1024.4810996563574 0.0213048683409019 895.6241050143423 8.435771973513926 5555.096219931272
0.23727895690173637 21.75121951219512 31.785365853658536 61.24878048780488 0.400390625 0.20372354337603432 1767.341463414634 0.013572823129049161 1688.2819109660823 5.853776326383589 4357.348780487805
0.17649288441178984 21.10599078341014 79.82334869431644 123.11674347158218 0.6357421875 0.3300985676018418 939.7235023041475 0.018775531223842075 897.6077213785433 8.343179711705949 2006.921658986175
0.1783465107594888 22.129133858267718 68.6976377952756 96.06141732283464 0.6201171875 0.3076759494825745 927.7196850393701 0.03900542559586172 859.4164134588767 7.515496148634909 2675.0897637795274
0.1384170000908554 25.46463547334059 132.0663764961915 189.6093579978237 0.8974609375 0.3604412656685315 546.0348204570186 0.029252802586270107 493.92367317938573 10.246525584464024 2203.5277475516864
0.19176981383397765 26.37844611528822 101.57393483709274 123.31328320802005 0.779296875 0.3401489313059721 652.5213032581454 0.04577430328330898 584.414423395219 10.160651437642379 3066.8320802005014
0.1811174890693951 27.738907849829353 60.262798634812285 85.32764505119454 0.572265625 0.2849089708947557 1096.372013651877 0.01182851978536352 1041.3496233318447 10.459344698407172 2998.3378839590446
0.19398285814823996 22.610687022900763 92.3526717557252 100.70381679389313 0.6396484375 0.37259427859409683 923.9969465648855 0.04363617059838681 869.4868326201694 10.087284458616752 2400.1740458015265
0.13635675214556617 24.053984575835475 105.20308483290488 140.62467866323908 0.759765625 0.3544931337098479 690.5449871465296 0.027802844893350085 625.6397070014385 9.718897073367645 2457.314910025707
0.1866176962483409 24.006191950464395 75.16718266253869 107.91331269349845 0.630859375 0.321584906016429 924.8421052631579 0.027501997932930112 862.3919238394628 9.549141115468686 3060.219814241486
0.18283458099551544 19.52747252747253 115.82295482295483 166.78021978021977 0.7998046875 0.36934073029024306 627.95115995116 0.04811815231565445 560.348521203494 8.481231111780646 1944.3308913308913
0.18627054161495632 22.81134259259259 114.82175925925925 135.36111111111111 0.84375 0.34335540060199793 596.625 0.04775617630393417 559.1685719666658 8.193871920469663 1885.505787037037
0.1905348160687615 27.220588235294116 133.76050420168067 137.0546218487395 0.9296875 0.36075396194275466 518.6344537815127 0.050183758515269815 490.3584455121465 11.189292422655518 1392.6491596638655
0.12333523872571114 31.229743589743588 134.65948717948717 183.7097435897436 0.9521484375 0.34174800418144186 531.8215384615385 0.020058100773737982 500.43913693159055 11.897618301004256 1724.9117948717949
0.2304971513669353 25.014462809917354 61.71487603305785 68.73140495867769 0.47265625 0.3320538821553933 1608.706611570248 0.04468347119890954 1580.187076221813 8.902558995039787 2434.4855371900826
0.12049769259047234 23.98111658456486 203.32019704433498 300.01313628899834 1.189453125 0.40342145704844984 268.5632183908046 0.0323423274436412 209.974467560967 11.10711217906682 1903.4548440065682
0.24564706563949584 22.4475 48.605 65.17 0.390625 0.3263241475219547 1958.03 0.03269006013870239 1904.9051473999023 9.814421528955027 3432.2625
0.1475435152335509 19.572995780590716 154.30632911392405 204.08860759493672 1.1572265625 0.3327984435513654 292.2278481012658 0.02638445705301148 233.73263194410106 6.836990154785234 2467.82194092827
0.2585247690363448 21.416020671834627 42.18346253229974 55.16020671834625 0.3779296875 0.3058712320794151 1961.59173126615 0.030060066425215057 1893.3403160726068 8.230148011933402 4150.1059431524545
0.17364206199580565 27.349914236706688 76.40308747855917 106.63979416809606 0.5693359375 0.3447346814211842 1104.1509433962265 0.01775217792386665 1005.3485470243425 11.299848921735185 4936.440823327615
0.23684388178366203 22.73611111111111 41.083333333333336 63.80555555555556 0.421875 0.2504748978416063 1722.6805555555557 0.021088172992070515 1667.6123916131478 6.9154239348167215 3707.983796296296
0.17920648173282022 25.656140350877195 75.84561403508772 86.88421052631578 0.556640625 0.35350773565378246 1199.0491228070175 0.027645170479490045 1133.8475418893916 10.490901671749747 3472.9894736842107
0.23816063805161236 25.212616822429908 58.39719626168224 66.00934579439253 0.41796875 0.34312543691196873 1869.2102803738317 0.04486881683920031 1833.4770390875985 10.30588147681311 3210.845794392523
0.19357348399557125 24.02547770700637 54.24416135881104 79.22505307855626 0.4599609375 0.3041184113509612 1571.244161358811 0.0185834602185875 1516.4350394959663 8.574502842205627 3443.0658174097666
0.23447557568989996 20.584870848708487 68.30996309963099 82.71217712177122 0.529296875 0.3471404728248115 1201.9151291512915 0.05898535031674093 1124.9559844886244 7.834276607290098 3246.2841328413283
0.26511316102514576 27.0117994100295 47.49557522123894 48.415929203539825 0.3310546875 0.3522571198130404 2378.094395280236 0.035207683709518746 2275.639509442985 11.950973820683988 8263.06784660767
0.20857258882170612 20.899824253075572 70.51845342706503 86.05799648506151 0.5556640625 0.341756164909106 1065.6239015817223 0.028392633780025222 967.4272700680161 8.561717336321596 3491.029876977153
0.15340827672909468 24.947115384615383 70.24038461538461 100.21474358974359 0.609375 0.31136437575577686 914.8814102564103 0.020259054807516243 766.4685901739658 8.77473331451517 6199.732371794872
0.20939068722775966 24.190578158458244 55.95503211991435 80.38758029978587 0.4560546875 0.31952966936917304 1606.0899357601713 0.018959093910723732 1551.5375758789846 9.683296343779821 3242.2162740899357
0.19742946712048703 24.91762013729977 54.87185354691076 74.85812356979405 0.4267578125 0.33803086439829566 1702.8512585812357 0.017561043972827203 1634.5732871956902 10.614204897576446 3831.8192219679636
0.19022959031186623 20.777286135693217 91.07964601769912 125.26253687315634 0.662109375 0.3481068531680402 959.5693215339234 0.043197246427732934 917.2275317256781 8.064350071913506 2214.339233038348
0.19717409977546105 21.17948717948718 68.52564102564102 98.81410256410257 0.609375 0.310675132812904 899.6634615384615 0.020092470141557548 756.0244028140337 8.61815945272488 4705.139423076923
0.21502419211647728 22.84 63.763636363636365 75.67636363636363 0.537109375 0.3221352364537465 1243.4472727272728 0.03785218282179399 1186.6881661709872 9.62309080581657 2548.2345454545452
0.193161654902232 22.918169209431344 97.76005547850208 103.01386962552012 0.7041015625 0.3632423848332599 783.622746185853 0.046710906511536913 733.5913369103378 9.532770819984599 2101.8945908460473
0.18776009420672815 20.998003992015967 50.3812375249501 81.99800399201597 0.4892578125 0.27912859398886297 1388.7624750499 0.021058291970136873 1306.7093663015764 6.820796553697937 4079.2355289421157
0.22896715127940415 21.548693586698338 49.96437054631829 62.99049881235155 0.4111328125 0.3285787815187041 1770.9216152019003 0.035860940566255474 1678.4239750588026 8.04419202823109 4676.204275534442
0.1506595319737502 27.59672131147541 111.05245901639344 157.96174863387978 0.8935546875 0.297545812318634 526.1071038251366 0.015778292984258934 479.67917927392847 9.670371452914113 2212.4010928961748
0.18482899044810172 17.54699886749717 146.51528878822197 193.93318233295582 0.8623046875 0.41101278786223877 556.9580973952435 0.06731208291491188 470.0247118421751 8.09424060253999 2590.7916194790487
0.19631404682364872 22.627365356623 94.21688500727802 105.15720524017468 0.6708984375 0.36512325992337935 843.7117903930131 0.05604728201764813 731.1509365431607 9.07859009208889 5606.085880640466
0.17260877955850285 30.474916387959865 135.7803790412486 132.59197324414717 0.8759765625 0.3809172500662244 552.6867335562988 0.04489557240718982 501.6774983655915 11.832692076682765 2781.9141583054625
0.28440456307692336 25.91907514450867 48.42774566473989 52.0635838150289 0.337890625 0.35788779425520734 2377.849710982659 0.04807885912801489 2298.9751997931157 10.75772807358619 6438.323699421965
0.198352373283328 29.0381679389313 72.80916030534351 78.38931297709924 0.51171875 0.3576257833904402 1399.2900763358778 0.0394142729635457 1311.6526147682248 12.10810714822866 5342.103053435115
0.2860215773949256 23.984615384615385 38.033846153846156 46.723076923076924 0.3173828125 0.27755413045135074 2517.507692307692 0.027400937447181115 2418.97075881958 7.829444830935547 7525.24
0.15702053486371625 31.34521158129176 124.64142538975501 126.86636971046771 0.876953125 0.3463173633615239 570.6503340757238 0.03447747230529785 533.9877956874652 11.10788561989658 2197.811804008909
0.20183593930093005 23.746781115879827 49.987124463519315 77.27467811158799 0.455078125 0.28831493017896875 1545.5622317596567 0.017288719124036796 1490.0882465542643 8.136131206435513 3196.6351931330473
0.1782276055899011 22.448795180722893 85.23795180722891 148.67469879518072 0.6484375 0.34183292358753226 867.6506024096385 0.023280061871172434 747.8459864237223 9.265567090535443 4882.834337349397
0.17525455059033435 22.5521327014218 139.6611374407583 168.6777251184834 0.82421875 0.4004808809547772 647.7890995260664 0.04582713057079586 593.1586000343069 10.039476215022324 2388.7523696682465
0.2107684110340319 22.8796992481203 57.943609022556394 81.703007518797 0.51953125 0.3137408315990325 1211.3157894736842 0.03427666201627344 1128.2652107181407 8.304578581984368 3653.372180451128
0.2913822250366211 24.488 54.461333333333336 61.416 0.3662109375 0.3660378163406082 2187.733333333333 0.06691757965087891 2135.72141792806 9.299276216435887 4532.578666666666
0.21170885030821193 24.672913117546848 67.20442930153322 82.5809199318569 0.5732421875 0.32138169994532895 980.0408858603066 0.049093391054533614 794.9104232788086 8.987150120086131 7336.289608177172
0.22446679710445547 26.075187969924812 50.06265664160401 61.75689223057644 0.3896484375 0.32041983349512965 1965.3834586466166 0.018747304017681227 1878.4517605047777 9.96105225442494 5648.18045112782
0.18647741590227399 21.569924812030074 87.5593984962406 109.3578947368421 0.6494140625 0.3531986279693748 817.2992481203007 0.056194934271332014 657.0114333532806 8.611778906539323 4851.5939849624065
0.2556529352122869 23.096579476861166 70.68209255533199 65.40643863179075 0.4853515625 0.3673680701466503 1531.9879275653923 0.06549528331104179 1492.6228669318155 9.879835823239256 2551.6639839034206
0.15261823091127047 20.941777323799794 138.35035750766087 186.2808988764045 0.9560546875 0.3738623384049229 344.3779366700715 0.028281362843343014 137.5111520395094 8.682163637431952 9789.332992849846
0.19884267305697476 21.749611197511665 93.48211508553655 101.4199066874028 0.6279296875 0.36244686624760525 1119.909797822706 0.03719133166465937 1093.7557690621907 9.140212916002838 1713.4292379471228
0.1981839007395177 26.309815950920246 86.0920245398773 112.28220858895706 0.63671875 0.35151645068182436 924.4079754601227 0.06878623238370463 804.7231281783684 9.825751624586411 5058.2791411042945
0.18440145301515612 26.472178060413356 82.68839427662957 92.62162162162163 0.6142578125 0.35340113673937623 994.7599364069953 0.021478909187741424 934.167808326515 11.207885242861387 3307.9682034976154
0.2170642619909242 25.046511627906977 37.44651162790698 64.95813953488373 0.419921875 0.23735226664223794 1716.9116279069767 0.01018245164738145 1666.2920993183934 7.669557614051967 3205.567441860465
0.17879899981374206 22.549497847919657 88.70731707317073 132.71305595408896 0.6806640625 0.3460003983953362 845.090387374462 0.027387751055242684 793.426806588084 9.662532130503761 2273.116212338594
0.2138583911622124 20.79957805907173 46.63713080168776 82.62869198312237 0.462890625 0.28157967980146725 1476.8481012658228 0.012694043449208707 1406.9282627669065 7.991470026569972 3277.637130801688
0.25195716156521164 19.318949343339586 72.42213883677299 83.30018761726079 0.5205078125 0.3636423581434944 1173.8649155722326 0.06264321441721961 1035.8489746895336 8.258591419845509 5918.652908067542
0.18737597847736776 26.423127463863338 95.8173455978975 100.8318002628121 0.7431640625 0.33498989702423815 722.7621550591327 0.060216136423579654 649.1963441224668 8.508606488002814 3502.8409986859397
0.20281785237551264 29.108647450110865 59.4390243902439 66.81818181818181 0.4404296875 0.33783007365582507 1755.0066518847007 0.01829611382833341 1717.909533938389 11.327246348984836 3292.9933481152993
0.13218343644866146 25.638743455497384 150.52251308900523 172.51832460732984 0.9326171875 0.3908919773815844 506.1424083769634 0.04017170761268176 439.7023867622096 10.604925308520166 2986.6973821989527
0.20799532745919885 25.069883527454245 61.89850249584027 99.25623960066555 0.5869140625 0.2977368498516606 992.8119800332779 0.03439625051374642 912.5029492878081 9.67779286449714 3511.0049916805324
0.19676567471545675 29.182608695652174 53.095652173913045 67.32608695652173 0.44921875 0.283292333731958 1605.5 0.020077900264574133 1533.218817271357 9.326326504776933 4771.8
0.20569938873693888 27.95049504950495 86.96369636963696 88.05610561056106 0.591796875 0.3720048538647575 1017.3333333333334 0.044778860048098924 908.2329537294092 11.73054286908887 6236.69801980198
0.12777775851162998 19.37159090909091 101.87954545454545 193.71136363636364 0.859375 0.32959401783118664 345.6340909090909 0.021547761830416592 117.70609051097523 7.81541406516917 6633.795454545455
0.2020145676157496 22.686936936936938 52.851351351351354 64.86036036036036 0.43359375 0.30765890625383413 1798.536036036036 0.024068875355763478 1757.6303444596024 7.980808075519202 3045.112612612613
0.17294113452617937 23.921474358974358 79.91025641025641 114.09615384615384 0.609375 0.3486684759898661 898.6923076923077 0.044459984852717474 730.2525452833909 9.467211417303519 6430.61217948718
0.24557469183938546 24.864035087719298 53.5 61.39035087719298 0.4453125 0.32032775722412526 1636.3859649122808 0.040930867195129395 1583.299844708359 9.52118535159213 3561.655701754386
0.20581549305026814 24.005649717514125 101.82768361581921 94.30508474576271 0.69140625 0.3756575157012416 782.2655367231638 0.05529150147896029 709.1999444045589 8.3543572672644 4311.1016949152545
0.2552979860059853 23.77650429799427 44.74212034383954 49.04011461318051 0.3408203125 0.3120474678719497 2415.4957020057304 0.022813318110468737 2382.193873823543 9.873052689350239 3493.4126074498568
0.21313563452826606 22.61111111111111 85.5079365079365 110.11428571428571 0.615234375 0.35752958025883086 995.8952380952381 0.05722286890423487 935.8199093288846 9.27195204015362 2724.6111111111113
0.23390320211855423 24.085450346420323 54.787528868360276 63.65127020785219 0.4228515625 0.3434124481208261 1772.743648960739 0.038056295408112346 1724.0070885708922 10.538974135133328 3179.3695150115473
0.13050602389386448 26.20198265179678 103.90210656753408 157.5006195786865 0.7880859375 0.3421917241037843 636.3990086741017 0.02419427956790286 565.313485345285 9.93368892100852 2950.158612143742
0.16878431662399015 21.221140472879 98.47426981919332 129.2642559109875 0.7021484375 0.35046861195527845 879.05702364395 0.03433073545198613 830.7456354769944 8.654934416186192 2399.037552155772
0.18187564149850147 28.553872053872055 71.78787878787878 85.9090909090909 0.580078125 0.33039191482426566 1100.037037037037 0.04165058023600466 1010.7797162605054 10.488831287615557 4036.624579124579
0.16978697322930628 29.56051703877791 98.39600470035252 144.54641598119858 0.8310546875 0.2975182509431338 576.89776733255 0.040732454329063694 517.775865010173 9.649591169841283 2824.2914218566393
0.1633366693222403 28.081939799331103 72.59197324414716 106.20066889632108 0.583984375 0.33048140479623184 1086.8160535117056 0.015063273069451884 1027.26036158533 11.746560489037629 2809.2441471571906
0.1930194983115563 24.328846153846154 50.48461538461538 76.00384615384615 0.5078125 0.2587218810810345 1311.8538461538462 0.01690314503816458 1252.6503757916964 7.553218859691529 2932.1942307692307