0.06898659374564886 0.83056640625 80366.02347106578 8239.07274004916 0.7717959650518237 24.64984130859375 170.28001265995795 3.0491347893715885 3.4953586392984386 0.5972809150246121 0.9176223333764557 -0.6081946737220817 0.9714941146851502 1.0853169132763256
0.03423251397907734 1.22991943359375 254070.17390235182 11521.798590206374 0.6829084388320177 29.4794921875 189.66036971803987 3.5701017138474183 4.279379474448885 0.7370406973261652 1.0988106049966129 -0.5600784239908154 0.9776905195615526 1.0482799759469312
0.06608798122033477 0.7091064453125 80577.08722850507 7214.163406123929 0.7762278803982828 22.96746826171875 157.92070561866262 3.243336349380863 3.6573330661746657 0.4995679700716664 0.8741226238375326 -0.6429916957307288 0.9809491286667359 1.098735966111319
0.07886441377922893 5.64654541015625 84287.44887140172 9208.52602677898 0.751983975939727 25.7845458984375 239.89236824696945 3.089501811789946 3.6697014930387413 5.00367429230414 1.1103802641167235 -0.578791429104499 0.9693702687591167 1.1135868764641796
0.21525401156395674 10.84490966796875 23796.61090233782 6289.3285286428345 0.7916525916128616 20.6134033203125 240.89162834783292 2.5212647553226377 3.038278692027715 9.92007544392618 1.0555129839280046 -0.575230165596838 0.9487527247493031 1.1982223738171947
0.24741591233760118 1.508697509765625 15287.824757287934 4699.519877634491 0.776159947534229 18.636688232421875 179.69520765071326 2.4059912509375385 2.9098162607242273 1.2024473815918668 0.9978550554315451 -0.5405649103365988 0.9310171582110417 1.2779253278406792
0.23188517475500703 9.543853759765625 21695.95437944777 6033.337355609261 0.7894311037782893 20.201324462890625 222.2293453291855 2.5358078196118266 3.071891317228327 8.67159695499737 1.0753285096229017 -0.5795271925574048 0.9513720171663446 1.161647124892546
0.08104227483272552 1.02764892578125 113713.50354862859 9695.043599048444 0.7636081973971761 26.83209228515625 326.7489152984565 3.234614800415674 3.7598140615291853 0.7497072179996849 0.980353122025383 -0.6295553490363084 0.9806597512229364 1.06343288148191
0.19374327873811126 3.865142822265625 19983.926256498347 5332.306986963573 0.7838901600299489 19.285247802734375 186.2846148514787 2.519840865853731 3.027959151252492 3.3908022343198922 1.0332554878693612 -0.5403603785819462 0.9365473473802571 1.020363200452328
0.0734526077285409 2.435089111328125 67949.76424760077 6471.337329006874 0.7554404129695533 21.593170166015625 176.47904793503818 3.218923641913449 3.744570046140187 2.054706604851674 1.006718671757879 -0.6057085035347649 0.9764005766299385 1.0706655575888977
0.02436692174524069 2.231781005859375 411200.85410140984 11950.048570134677 0.6884201926112319 29.918609619140625 235.46805463161724 3.682656807023618 4.443915783908899 1.6238169126700654 1.1778221973875964 -0.5542430804954295 0.9792365824793456 1.1094455436229886
0.08484861068427563 3.766387939453125 78376.86218347616 9122.056581393641 0.7445714666661915 25.858673095703125 196.06632616805933 3.052427136151962 3.629877817733634 3.2371151679618038 1.09112653553844 -0.5695539020667136 0.9662545056224611 1.0963316587134813
0.10895033879205585 6.241485595703125 51757.60586289732 7554.966890274987 0.7677138279203131 22.982879638671875 238.2544944230504 2.96925195351867 3.5169878745399283 5.6485965743464135 1.0571086065459332 -0.5890624350552851 0.9679024822108528 1.0410222865454257
0.08081417623907328 6.61688232421875 68970.30865181747 8426.217245538084 0.7402190672169344 24.40521240234375 168.12545558111765 3.0510263804580506 3.6690527371595483 5.727696461926826 1.1761537219084983 -0.5439697620884123 0.9607683498552961 1.100161569646805
0.22375763673335314 1.495880126953125 14258.992478920489 4439.55009965045 0.8064288908871841 17.666412353515625 140.1943339059804 2.4401535018994713 2.839243667535822 1.255191822469044 0.9038750962025083 -0.5728474528089506 0.9393261233738168 1.0355819559512598
0.05896012345328927 6.90386962890625 113771.17477249092 9805.63017079771 0.7024840726549203 26.41595458984375 182.11443523816 3.2786388869423853 4.029863227833903 5.765853062068572 1.3053471562224443 -0.518923443383548 0.9634074785560082 1.0624237854916954
0.2590990448370576 6.467041015625 23766.445847484676 6355.086591344547 0.8117247315661655 20.97406005859375 321.40469131237137 2.4073865145129703 2.818306942548784 5.945577646576794 0.9542657156044348 -0.6349489200118457 0.9570898246628607 1.1940083186151458
0.1303457524627447 5.88214111328125 45960.3545226744 7749.707849364215 0.7617203854414226 23.35308837890625 295.7907794346286 2.7696270366649234 3.351420214677844 5.144491279585964 1.1520745010188727 -0.5381300888036276 0.9489024403645671 1.078640389855832
0.1843318664468825 5.5101318359375 39456.715313505694 7789.88745388438 0.787694306997368 23.426513671875 330.0736987104501 2.7599494831025795 3.250184437312305 4.932175438621925 1.0414355591041529 -0.6249857336482841 0.9687707646546747 1.1482662544271258
0.0952273802831769 4.244049072265625 70987.81326955504 7900.695100986125 0.7719969386351876 23.622894287109375 266.11881999215217 3.0622668943289155 3.5837319627539275 3.678614827900276 1.0792512117647977 -0.6122152222819002 0.9742975224101539 1.1500566445609746
0.10224138805642724 2.615142822265625 61472.91326768023 8929.409404679449 0.768874990566866 25.297821044921875 186.25244714783372 2.966117135298889 3.5231946508838585 2.186218197700839 1.0501368971035931 -0.5730559318331587 0.9642758249727611 1.093377625160236
0.22234337590634823 6.2926025390625 22336.52416243952 6672.9148365917135 0.7843472550498896 21.64349365234375 227.7056354862582 2.530641594656654 3.0170848249207847 5.67340174685728 1.0520657063744163 -0.5462510584837953 0.9381903420956894 1.0620053206995412
0.1907849796116352 5.672698974609375 17794.38363815942 4559.012801912995 0.7959825869366366 17.427581787109375 164.14595102519485 2.442320251037849 2.9076453154175304 5.047914247742085 1.0468167137605344 -0.5558628025199791 0.9365953586204763 1.0149877717819662
0.4631337127648294 1.12750244140625 8131.516978908092 3277.5668781487657 0.8845603044785155 14.94158935546875 244.8078636154189 1.593323917918858 1.820850838057938 1.0355603659065764 0.6371905935556147 -0.6595502246610656 0.9037185148980083 1.2739965638085546
0.1199392220005393 7.46270751953125 73008.2952065204 12007.490898315385 0.7575567629514426 29.50714111328125 283.62466304826944 2.9937072323270995 3.5625554045283647 6.624666345631567 1.1380078795713775 -0.5678937277661257 0.964068338289789 1.034406052488104
0.20522617502138019 1.281219482421875 16751.688696565983 4495.1936501297805 0.8214704442417659 17.704925537109375 185.2762868087371 2.2904412750175065 2.6669895018895255 1.0927931185520379 0.8605142924157123 -0.5805177812449132 0.9333992794696125 1.0529405513441281
0.03831827500835061 5.95416259765625 267216.5299455638 14299.858786676294 0.7213146511817443 32.37384033203125 234.28029898712907 3.4669546389507673 4.138416538261995 5.0959365814671855 1.1912485889524431 -0.5676599121349989 0.976698242035427 1.073727681462463
0.3418615343980491 1.073638916015625 14902.227680890508 5766.171626736821 0.8228343233080146 20.475189208984375 210.4612387891362 2.1815566028523454 2.5751146578588697 0.9005481330801217 0.8497354423128594 -0.6102629164458031 0.9388127899517049 1.0466712263174018
0.0347534934990108 0.78021240234375 320445.70444397937 15745.270652854713 0.7527328828968163 34.6759033203125 205.61511247747785 3.447637466252472 3.9489377864108683 0.5152926206501434 0.9321288460744838 -0.620025105598755 0.9822658300893037 1.0370695167906292
0.21263767732307315 6.678802490234375 30550.536086558815 7103.156551795192 0.8210137452421645 22.183074951171875 323.42229473772755 2.5197644725385544 2.8784119653279148 6.09347424463482 0.9363022052466745 -0.6207918087479821 0.9556516422156335 1.27922613315252
0.19494632398709655 4.918670654296875 51409.80454569281 9911.43297630841 0.8474276522488978 26.777679443359375 473.7200339339521 2.3555916887253447 2.698814482335586 4.525808629990081 0.8441146678967305 -0.6799665047205529 0.9635527623262891 1.1860822416915904
0.18978913826867938 6.562164306640625 34439.548115909165 7052.046742159771 0.8076941274754552 22.236297607421875 307.83066909996523 2.5944573141141767 3.003380724498989 6.048893479003766 0.9509773240414086 -0.6459049325952397 0.9661528162772157 1.250208622421897
0.18809902155771852 1.838836669921875 22286.28324480776 4702.215579722077 0.8050429286716401 17.989593505859375 201.90925381527774 2.641026820423221 3.0686322754581656 1.5859766778922335 0.9153990939939392 -0.6229454375479273 0.9629185576232772 1.088913010645317
0.09677498368546367 0.485382080078125 36807.938831079955 5162.852092244142 0.825080346285575 19.335357666015625 93.24927912666004 2.7199487173135646 3.055065469864461 0.366064354298544 0.7630028376988026 -0.6472331010813399 0.9680051204970593 1.1021178586568716
0.08313801046460867 5.05303955078125 75583.08427798352 9076.035436266815 0.768667347020495 25.4652099609375 207.04591638854708 3.043745174727105 3.573660267839467 4.508382858463165 1.0506508995477961 -0.5873423206416613 0.9689417576287689 1.1267275126663938
0.13721713703125715 0.613677978515625 29659.645410609544 5228.798655988769 0.8309373813523753 19.328704833984375 151.56472142004765 2.6322091325380854 2.9767567778393733 0.48946214639823893 0.7804544883951113 -0.650330936302714 0.9663009042912818 1.0764549287292933
0.049126938451081514 1.7239990234375 142064.41106256627 9599.220235526673 0.7141507254493125 26.71331787109375 184.27660315599155 3.3344306304385314 4.007772705005007 1.2480032791290796 1.1208090460308282 -0.5634115949225291 0.9734278276104161 1.0687348063830324
0.07943305093795061 0.771270751953125 105201.29767815971 9492.95683583422 0.7716440735527962 26.469146728515625 310.50071347543474 3.188810038198056 3.6389834739087705 0.5447453015327142 0.9104699124171786 -0.6460262269225258 0.9810866885238848 1.0673763591034895
0.05723721534013748 2.093017578125 129121.97146131164 9980.332657359773 0.7656218277328664 27.1474609375 177.80939599784324 3.2443557691834823 3.750306264995262 1.741348015377298 0.9849763078906979 -0.6164239495417944 0.9783791145732171 1.3027624595435507
0.059713583905249834 0.828521728515625 158108.6101311068 11034.635788733813 0.7526347534708364 28.645294189453125 318.474942068574 3.3440946691279665 3.8578951492064273 0.5600089929412775 0.9441356527643903 -0.6274599160030856 0.981946669013438 1.0688221652068193
0.05553794279694557 0.97235107421875 94678.57961720729 6455.69003068 0.7611055992399206 21.74652099609375 139.7400387174896 3.2887005884837985 3.8180472943301726 0.6980973142572111 0.9723823687706321 -0.6209399370079283 0.9803074291359983 1.0202307136232693
0.24572832183912396 1.554595947265625 16468.272592882353 5189.003402484173 0.8226201425408137 19.026519775390625 172.51755069827374 2.235426748686247 2.6267678500138065 1.3527360532303305 0.8642703278120089 -0.5981380333731404 0.9374395676732027 1.0288400488746314
0.0714758038520813 1.18194580078125 90104.58976343088 7549.980856138762 0.7418114332049959 23.5869140625 198.50640457595 3.2394204579583747 3.8101876541878936 0.8377571962521415 1.0398084584229756 -0.606570444349987 0.977798532200587 1.0194602427919757
0.2703950945287943 0.916748046875 15924.146039901025 4827.938584733987 0.8192589309871889 18.3533935546875 199.3308561121239 2.370280131579365 2.7507656187485656 0.7507299774524654 0.8462382011797542 -0.6306917963615074 0.9532382188926326 1.0166499520404937
0.04225131729617715 1.475341796875 244794.26688740109 15007.39764745016 0.7647550006758422 33.686767578125 206.97335060304977 3.3280025006512077 3.8017309081757764 1.1704870001558447 0.9804715114012863 -0.6230779769933728 0.9803661790536451 1.071503082009014
0.1553463446907699 0.6015625 48360.940233908106 10265.561754563918 0.8294847256405168 27.750732421875 154.18752363129533 2.5697326967577023 2.8705012222494317 0.47745513911013404 0.7689858299698533 -0.663123872353806 0.9657164045031603 1.3632341923344855
0.033333776984363794 0.723907470703125 260790.75625345108 13127.72719162508 0.7611464812953489 31.469207763671875 165.86933579219846 3.459123171375061 3.923862213246834 0.4862301868657255 0.8979979064785473 -0.6307994414787786 0.9834193142101786 1.0469516906256533
0.05933631956577301 1.756256103515625 179634.77605356305 24101.471879195662 0.7562671588711889 43.062896728515625 168.73035476663114 2.9911289769046383 3.498401819916918 1.3861318166896694 1.013265236398777 -0.5419447846427476 0.9550838035415983 1.087067829346328
0.10714977094903588 1.09478759765625 53576.39095560217 7162.5869176287815 0.7470806847505388 22.8759765625 258.8093827646808 3.1509506172257695 3.6832093176426266 0.7819264047377601 0.9989408085398709 -0.5963510138462307 0.9733657913365743 1.0380817410068686
0.29383779084309936 5.31890869140625 16631.2577574562 5994.501426620242 0.8043767403869619 20.45794677734375 202.01755420219 2.2454354781629333 2.7395717825967645 4.794328526510071 1.0090979259338673 -0.5534873313218244 0.9271879742450745 1.119065757093135
0.0891506727784872 2.884185791015625 74536.1797242956 8686.734139465898 0.7570491447711161 25.062347412109375 217.38409491750605 3.0650672299942454 3.627367524956779 2.427154362386375 1.0607930973652953 -0.5904281680214332 0.970898687336834 1.0776349793070832
0.1252150572836399 2.377105712890625 41156.58773950272 6681.635108165592 0.7696629379146891 21.756683349609375 249.88172177585108 2.8552643736178 3.3720051260621866 1.9806854191515981 1.045606370883832 -0.5744842246851134 0.9602510164001157 1.048577967639648
0.04790012678131461 5.76715087890625 178490.69991010297 10865.189344849981 0.7297205043296245 28.01702880859375 218.03945793007392 3.408650511800196 4.0907490203478485 5.056741428889836 1.1456075525294283 -0.5761358229612928 0.9774259969256239 1.0387323358932699
0.11830478068441153 4.240570068359375 57870.68551790577 8006.783665694267 0.7759822635968118 23.820831298828125 255.5919534421701 3.086718710919108 3.613434672150573 3.765550790636155 1.011852488577614 -0.6169785134872274 0.9758116298803663 1.0335533966875317
0.22986671468243003 1.343994140625 23074.200758246632 5255.803011867742 0.8297578811926204 19.14617919921875 311.05484239211205 2.3986357432289656 2.7460791935713056 1.1615329835412922 0.8419392724390371 -0.641910837738584 0.9560704141294939 1.0306210971027392
0.0836996198631823 2.443023681640625 61754.451829023914 7785.973897317508 0.7761392491550964 23.604888916015625 167.04522670447892 3.122085555089942 3.6065160607924276 2.0964832656759995 0.9646912247824516 -0.6078858711069515 0.9739617409537513 1.0626131850955747
0.19573480216786265 5.090850830078125 15297.120588955087 3980.8252412117 0.8139451491748513 16.473541259765625 170.77900207191357 2.4704975477747615 2.848608933154764 4.703372784365058 0.9018332585469381 -0.5777914185418114 0.9414372780126853 1.1411463755784392
0.1264729406684637 1.155609130859375 45548.67917718981 8116.129629657365 0.762671963344662 24.502838134765625 175.62959002842632 2.8028620581069554 3.3252484703875216 0.8617021669757037 0.9962685758360992 -0.5658456928583547 0.9563955676722821 1.1090701621792258
0.19556304160505533 3.2003173828125 23455.554625398163 5253.667941742815 0.792267821544503 19.04742431640625 230.47841163510407 2.6367797662464567 3.1110334064204923 2.803470570142963 1.0027208229268956 -0.5926127072113927 0.9565542643289141 1.1242009901483379
0.08193378988653421 1.148834228515625 90291.16160120374 10156.554985660849 0.7328208503315341 27.524322509765625 202.77853130361706 3.215755733931394 3.8060271479549166 0.7917035561854959 1.0394539387731137 -0.5777762860404979 0.972236789990545 1.0344282588780178
0.05239664064720273 5.935089111328125 189833.3337758215 13875.065296222514 0.7441117943193717 31.765472412109375 253.96846585464624 3.286572546308412 3.9095923228311786 5.137302043504917 1.1549347483542767 -0.5773141397022055 0.9742833191289951 1.0987638554347
0.11042654747143388 0.963043212890625 41478.91037664365 5645.818189159967 0.791362565892823 20.052154541015625 170.26650507484425 2.9287980356515257 3.365481376809208 0.7474588263372084 0.9091092185041342 -0.6348627567010781 0.9736798913380937 1.0431310021942297
0.07176136644557118 5.628326416015625 96387.13376736564 9922.417461931705 0.7639875531657689 26.686553955078125 178.2999503993579 3.135701335510508 3.7140207090456343 4.943779174237136 1.0868160059195175 -0.5794344150786478 0.9705465124455558 1.1071120968190202
0.21103505557402968 2.8319091796875 18044.477487132994 5202.472744229383 0.8181443165402795 19.0498046875 134.34145981125766 2.3903767295583864 2.7798490874427997 2.5282090706280087 0.9093287562495816 -0.599296655584322 0.9452552880637264 1.0793375694335947
0.0917525733821094 6.357879638671875 59396.970534008724 7544.257767864503 0.7337656442402152 23.212249755859375 246.33510442254334 3.1465693221365103 3.7534095283221136 5.649077948024171 1.1162268157935868 -0.559147091435209 0.9668614635165672 1.077757368863481
0.1944401110522449 5.522613525390625 31414.237827844616 7403.167361357069 0.7991110353116577 22.953948974609375 242.62616647329884 2.5945205630585235 3.0307349960489764 5.061744843103554 0.9722226806743995 -0.6084585025419956 0.9579845156630891 1.2366682718082451
0.17595509998500347 3.279632568359375 26551.526201214754 7691.96962968208 0.7991618140514825 23.581939697265625 65.33123989436586 2.5679812051773925 3.014824084324882 2.870632004062884 0.964032282282345 -0.5747541836412774 0.9476586519826941 1.0612049322444652
0.041592529974877834 1.127227783203125 185511.86089748572 9163.380514185186 0.7514478150932995 26.034759521484375 218.38120157431018 3.4823683794905476 4.029545429204733 0.8183827605822103 0.9923510541982258 -0.6205722003479859 0.9835229820392745 1.0545947408917185
0.07139718253165483 5.414459228515625 87946.53581408398 8581.537793568607 0.7399488572030737 24.915435791015625 183.66948122071022 3.235380564880391 3.8553946792382545 4.740971709873122 1.1233118098392443 -0.5733864109902704 0.9723743429187833 1.0708316291391824
0.03246349701657891 2.231109619140625 309836.6114487735 11663.729015543722 0.7170603582282747 29.266815185546875 241.6248950323034 3.598539913925275 4.267958548147202 1.6995949288962606 1.1199570342018548 -0.585087595384813 0.9817272444429951 1.0362695659997763
0.043037757743149996 4.073883056640625 159369.58485669372 8844.324882192093 0.7332237850750029 25.217987060546875 235.1191532669373 3.468511764062554 4.118081553298231 3.4364796988848525 1.131104145755001 -0.5801101155374334 0.9785950968631716 1.0911146574900608
0.05032303091138601 2.085723876953125 170285.79015753928 10743.628382737765 0.7334088769267189 28.121185302734375 219.61620981134052 3.488403689615357 4.117561132059285 1.6251059393198943 1.076226451072639 -0.5903627838132062 0.980306961811424 1.026194024286514
0.035912351217120886 0.978790283203125 219155.5785440257 9577.529742473005 0.7361377775551929 26.645965576171875 191.22117774279474 3.504528888256039 4.06682215825896 0.6567367069351917 0.9937081753253487 -0.6119938045446977 0.9828453557311071 1.0211958522675975
0.037194956094026566 1.28057861328125 296180.21621788107 14077.970386127607 0.7010774918374492 32.57501220703125 279.71271315764375 3.4698893864390237 4.151193897286661 0.8261656155502806 1.099485852047441 -0.5712439224448571 0.9775787330016636 1.0582611535718267
0.379180820658803 1.10186767578125 11829.269929031958 4796.9547018465855 0.8401015764289983 18.39532470703125 209.64765223226482 2.049878869940409 2.409452660642864 0.9555473899511071 0.7976522930391916 -0.6262550928182097 0.9350443573120247 1.0503726096290886
0.04419824946671724 3.3214111328125 190567.15757155055 17387.993258445764 0.7297776750110958 36.38177490234375 174.16376773425168 3.235161956044945 3.8431049765114227 2.7992361720428107 1.0790715293143938 -0.5541664629837898 0.9678291737404707 1.059084324032649
0.09340622276067734 1.04583740234375 59007.88906568766 6927.768827184982 0.7745036491530464 22.575927734375 145.4590170073243 3.060234748529362 3.56293346161963 0.7865909316615216 0.9653391625667106 -0.6228067066429699 0.9758200943420002 1.0335474467102244
0.0661790487356484 6.660980224609375 118531.80310793497 12742.238489957657 0.7026058260009126 30.455841064453125 218.1381733301651 3.206403723646558 3.9519025228009776 5.621045553479291 1.2613329339785502 -0.504739107636048 0.9573359809853706 1.0979395925268465
0.04004015168175101 0.6124267578125 131589.11975020426 9212.527247632286 0.787777725119101 26.2215576171875 79.90290110952719 3.1981502720278026 3.6028660318260486 0.43388910069211306 0.8231152616868114 -0.6255309745125113 0.9771168092996728 1.118968504101792
0.042875568848103285 1.151397705078125 178637.30016607474 12265.339968293521 0.720682389229744 30.343536376953125 202.29219593155818 3.3725936296456855 3.977027595551047 0.7770664271034207 1.0234571230267901 -0.5746902595291229 0.9750829856593562 1.119529825928621
0.0924058579839766 0.893951416015625 74192.23825274945 7938.471557891135 0.7746426122652689 24.309783935546875 207.73334142286063 3.152950341955423 3.642002054184334 0.6535046906438424 0.9403144551176502 -0.6331150208779116 0.9791370118614862 1.0406460843847134
0.06496794102713466 3.556182861328125 102332.57883636958 9449.358675826415 0.7610813751782995 26.167144775390625 166.46095504014698 3.1927345508590497 3.7302849540044387 3.049945165369593 1.0169993806360318 -0.5950982619798272 0.9741198462611222 1.0776826775831991
0.07905057724565268 0.90966796875 84569.77510288592 7936.740539336959 0.7626652691712295 24.2322998046875 181.87525740941146 3.2417321136451056 3.745697899279626 0.647970602693249 0.9548573195045839 -0.6272736185730464 0.9800627166026233 1.0247794687224545
0.22890907805413008 1.20489501953125 14478.910270606711 3623.668418002988 0.8073834982080527 15.8115234375 172.60459948150674 2.3938511459037555 2.8249212813156213 0.9850302198901772 0.9124698890138287 -0.6023356110839673 0.9481877171961617 1.0626500949572149
0.0856641624122858 1.31890869140625 62851.43624751288 6043.487311939685 0.7993431747537761 20.6978759765625 206.52808178777286 3.1455266432672087 3.5694238167797967 1.0986973296758151 0.8888852210861834 -0.6572745219424855 0.9815396423302605 1.049061053639069
0.0483492836356163 1.979339599609375 162327.75679493722 9839.44040310305 0.6924271136066252 27.135894775390625 228.95346270218903 3.461893767175894 4.213706974189316 1.393445978830698 1.189109363047996 -0.5431528925048732 0.9731895160776678 1.0851901523868348
0.09605371160432696 1.384552001953125 38067.7496733151 4979.7568659659155 0.7611308370960028 18.856719970703125 145.79351014769696 3.084205264907823 3.601027120022482 1.0625683006201712 1.0121150730867197 -0.591313862000998 0.9704688362370526 1.0262015136722682
0.048880243208259344 0.92987060546875 93135.76137638994 5498.635113790148 0.7655186982878844 19.9844970703125 153.67144573430505 3.3336642127389977 3.833100090964822 0.6712507121301314 0.9529763430981528 -0.6290924806393614 0.9817941731436737 1.028661298484092
0.05204345704987645 1.117431640625 126353.32186828282 9981.179513845593 0.7539049314535451 27.32598876953125 175.25605596442824 3.2811976061215704 3.80178170781177 0.8230237986592783 0.9674574927971485 -0.5974072277431531 0.9760009899056193 1.0990978403119398
0.03194743953645229 1.3372802734375 167036.4131056774 7782.104205986335 0.7076958737814348 24.02899169921875 131.21780994052665 3.473125301134664 4.140296701013242 0.8941678691226116 1.0956702397172067 -0.564467496962009 0.9761285963126832 1.0207131840351542
0.04234050214290619 0.6470947265625 164915.1342076813 8600.397058434915 0.7796767847040186 25.2203369140625 180.58824558382275 3.511540346181648 3.931065991811776 0.45037439762745635 0.8462774729255578 -0.6579620277104189 0.9869100672630623 1.0410389186114242
0.04668643465265632 0.461669921875 117101.55955710464 9713.552861396282 0.8076894996711231 26.9451904296875 75.56569565142945 3.1670156448614724 3.476985109143176 0.3259824223425767 0.7509986417626585 -0.6555829586712406 0.9796092849102276 1.0642767622817084
0.0695484085008502 2.604095458984375 109508.03555481654 9432.272186044629 0.7053787925028844 26.244781494140625 248.06930470818912 3.3284223184250306 4.068432332694162 1.9773626186266142 1.2048462027155553 -0.5461642348139707 0.9709642800531368 1.0283700935789133
0.05680779740214348 0.59173583984375 92719.88459484611 10007.5133115727 0.8177799128912252 27.36285400390625 61.264375873117615 2.9671579081693222 3.2725539563806114 0.4585315463045845 0.7390817193073004 -0.6392105409008813 0.9722673155077194 1.0891389730396988
0.05802491260692477 1.00579833984375 90213.87244863258 6824.696584383064 0.749205022823643 22.49285888671875 141.94626631665437 3.3000021853990793 3.842334876547787 0.7056840764425942 0.9861089605269535 -0.603723519051422 0.9778943347638434 1.0529064622655033
0.0451500634662807 0.4676513671875 142708.68143835352 11601.137304941105 0.805917537913603 29.60498046875 80.55156776845979 3.14442748425928 3.480060121839448 0.3271595204860205 0.7669219034529373 -0.643755146741052 0.9777600108057249 1.2210105861434042
0.04313067439943552 0.73876953125 150378.82695659713 11629.695612424966 0.7607326204999243 29.59149169921875 145.51699661866428 3.252978923057832 3.7392612402357552 0.49744650448542416 0.9039028918652112 -0.601210003148501 0.9754690847794938 1.0780761389133793
0.09562209248542786 1.784423828125 69834.30619204495 8491.282533723454 0.722819996109106 25.0771484375 191.23380713543156 3.1097775131969345 3.7617017715654373 1.3109732841985533 1.1316792686694819 -0.5593496196682379 0.9671124474727888 1.0314188686452157
0.03885606676340103 0.91534423828125 179251.60326234362 10551.91370817228 0.7619107454624329 28.0654296875 163.3331326158368 3.3213253376120773 3.8290693152759223 0.6550308462540215 0.93320559184568 -0.6112181568528239 0.9789277381623447 1.0770747519067152
0.05936848046258092 1.22833251953125 93999.74222646405 7296.965432514335 0.7198493689125374 23.2161865234375 152.78300533713718 3.349756742323876 3.97705136257296 0.8249431022304634 1.0791225557717192 -0.5779802752724195 0.9757154045759012 1.0273914921353522
0.062298678793013096 1.046722412109375 111333.68413774382 8661.427409525351 0.7505962845028551 25.295501708984375 212.36409410097673 3.39933891518306 3.9258433544903464 0.74610201124284 0.9830261298528038 -0.6174019103066234 0.98152051029198 1.0425435999981767
0.04257104406133294 0.912109375 173870.6581821398 12496.63675625252 0.7546172825993274 30.6181640625 165.12529167631874 3.299904002320593 3.806968660481701 0.6395296568516642 0.9429226954238346 -0.6014249180968807 0.9768315728972328 1.0657131140326888
0.14510674076154828 0.709228515625 25231.561553683707 5226.601193729104 0.8318781044598493 19.335205078125 97.26111200606465 2.6387562352344904 2.9907992060612663 0.5820660500321537 0.7771640472676613 -0.6478704630440102 0.9661963911134444 1.0560226493575917
0.2230752776376903 1.1864013671875 30812.35378177328 7703.726622979986 0.7917098955877931 23.90869140625 281.81426249620563 2.544972568539589 3.009599053351367 0.9421661090002544 0.9469631963506454 -0.5970367381848652 0.9540917787847407 1.0697413283886292
0.298183505423367 1.10455322265625 9713.535217818999 3052.8222100198136 0.8317049126567104 14.36322021484375 161.3328109896031 2.0988682978765154 2.4607997299805207 0.9361687112361778 0.8337322416619891 -0.611657890172358 0.9330077134518088 1.031790556999479
0.029547592159360647 1.084808349609375 332261.9777547712 11722.882277460069 0.7249466586288997 29.646575927734375 204.1624213667588 3.596390817878889 4.212248283474265 0.7176745007623708 1.0336854638989328 -0.6001114156560271 0.983182315487203 1.0479231508893652
0.1799769215285778 1.13134765625 26272.6653167438 4932.508435544545 0.8059782772508297 18.469970703125 279.43408800565885 2.5223252616045473 2.930474642847402 0.9176743050084042 0.9087269210489756 -0.615547632605751 0.9562193338393704 1.086163484133557
0.1509535680525005 1.19677734375 44686.752025949194 8078.257385418052 0.7621604277961138 24.46612548828125 247.03811630717814 2.852919571295427 3.3929776225785124 0.8963257027537566 1.0058379784974303 -0.5898095281052976 0.9647392636131205 1.0387575694961717
0.18777257855981588 1.676666259765625 17353.17843715748 3969.683588753749 0.8046596368276853 16.290740966796875 178.41169007365085 2.540763358362306 2.945412870984091 1.4288581034793992 0.9169367702014589 -0.6038321214872081 0.9535589553242293 1.05887972226469
0.1175273940898478 3.291534423828125 41264.99692078045 6715.923870315924 0.7826844505037892 21.832916259765625 159.61651791751734 2.879626081014561 3.3818079904759886 2.889043880624797 1.0063416708970192 -0.5944636448453677 0.9655349216213412 1.0852345355026358
0.2182667781598866 7.04937744140625 29038.84772952058 7668.1121882114385 0.8324697507161016 23.30792236328125 284.707161156801 2.3735635865541322 2.7509511637348645 6.5287140330910916 0.90680366145574 -0.621702399616294 0.9507113903706461 1.4698714424335482
0.2706779674626887 3.23199462890625 13514.884912915724 4890.223295356849 0.8140867869291648 18.54864501953125 127.96522456775187 2.3889311563352824 2.832911548532332 2.878131022008347 0.9365868332431108 -0.5779777312261809 0.9407718637616542 1.038842834589663
0.037681094370782375 0.81842041015625 284017.4722329237 16562.62919130655 0.7443446386653749 35.49493408203125 145.1342193831681 3.369479898181106 3.913617732621422 0.533291977750423 0.9542453076194726 -0.6038028623066009 0.9791678239485028 1.044869512853232
0.027503186371177435 1.299652099609375 374271.4416043241 18534.736893191766 0.6831929059542351 37.730804443359375 261.2024602457145 3.503469489153284 4.20001997489405 0.798657411818624 1.1088577212344852 -0.5504572131234604 0.9744506958444763 1.064934897545118
0.0641060434281826 0.67608642578125 82019.10708288675 8319.834025414893 0.8009458972117502 24.771728515625 111.35516390932389 2.9977847671200486 3.384713087483213 0.5123682325684058 0.8145042606532005 -0.6312318802522262 0.9734401315815232 1.0938266715588763
0.02485587913542986 0.880096435546875 348994.5475182275 11086.922262956321 0.7309602419291485 28.826873779296875 197.5853078847204 3.6359068700337858 4.1826526081075395 0.5663737224718375 0.9544566802988669 -0.6199349954768512 0.9854657489478728 1.0373855049502818
0.0227517019957304 0.9925537109375 292876.410037312 14948.945635116355 0.7049990344106953 33.567626953125 104.17771045453628 3.5212907031434035 4.131293865285619 0.6079446588303199 0.9779991037787084 -0.5573327950790751 0.9745670567610686 1.1244330025532465
0.04449256230145693 1.725341796875 151951.39823316355 9404.116892547674 0.7500750847306196 26.2330322265625 146.63421171609025 3.3792790090497635 3.9318605086024134 1.3557042816121339 1.0248019459352438 -0.6024898024190201 0.9792616093871362 1.0470142070043342
0.03805329650640488 0.497650146484375 241444.00703296423 17704.141639996553 0.7766660802504594 36.678741455078125 82.20921778575035 3.3734068975666474 3.7605690272038443 0.31305256819138094 0.7949962914939982 -0.6340917515063309 0.9813589678054013 1.05272918582772
0.17934213718399405 1.289031982421875 30577.779441426403 7586.5827556234435 0.7747332721605351 23.651885986328125 196.65569279474954 2.7011334611326716 3.17957842439423 1.016162893002786 0.9657834537917868 -0.5805745386750817 0.9556114615315712 1.045336834962243
0.27046615770086646 2.200714111328125 13209.645111913811 4671.631907188001 0.8273074110262801 18.287567138671875 116.11796571806559 2.2410606288555837 2.6364467947678794 1.9721328200844823 0.852154143467921 -0.6021940115740065 0.9392995157970702 1.0883650514240597
0.12032393971458077 1.612762451171875 43288.375938712954 6091.372432653658 0.7741051811275926 20.933380126953125 238.20718668168507 2.903690023607817 3.4217153452191074 1.2877672819077475 1.0140324869599446 -0.5949143160028615 0.9667352007272944 1.0971799256844863
0.08152427524328232 1.104736328125 56716.46728191849 6681.063870969192 0.7608121486925166 21.937744140625 213.0954317421456 3.103254402567267 3.604099552575115 0.8133938253379256 0.9830850444347247 -0.5896898619478832 0.9701931689826724 1.041003246182836
0.07371440203860402 1.921722412109375 106882.5643494891 8966.811990201813 0.728574374924284 25.617767333984375 296.12391827496015 3.284868004074363 3.9306225887746122 1.4433024076493552 1.1297169110571512 -0.5798997295408148 0.9751992155143623 1.152333725507541
0.04097575508058071 5.4359130859375 161526.9865768733 8948.660639775819 0.7251906135361293 25.3709716796875 170.7932918451561 3.45975924609159 4.111274834000917 4.715923317614397 1.138180013242808 -0.574274785335684 0.9774439976888416 1.0660025658468097
0.04369661584496498 0.957611083984375 168597.48051798873 11463.551686519844 0.7432720235422378 29.289459228515625 182.4670626540397 3.352326932244264 3.903311165651655 0.6525182854812215 0.9795359828250044 -0.5935681674800931 0.9772211691877773 1.0928945392197786
0.2578825573436916 5.046600341796875 17239.770043512603 5152.094996902106 0.7745918931420266 18.940948486328125 235.60970353248928 2.436161503130034 2.958915189336969 4.42909403287473 1.1000041222424854 -0.5289805192443421 0.9289295868476287 1.0942212547221002
0.0490570911206305 0.5318603515625 135226.28065243002 11933.696520388126 0.7929598036343019 30.07720947265625 96.28509960962424 3.121402459894696 3.4823808059378814 0.37012901122579933 0.7862918560260795 -0.6320858152353379 0.9757870290815814 1.098204472515353
0.17846690770238638 1.00958251953125 15424.46372526602 3871.811074100333 0.8326373460057677 16.35198974609375 110.06218523742086 2.4639832718015713 2.798230598997225 0.8664475967455019 0.7929914461129622 -0.6289625793928133 0.9547071883971798 1.0567705495942679
0.3293626522645354 3.0711669921875 8434.284959562616 2901.106618044923 0.8559201957334297 13.904541015625 155.8976559620969 2.0427541223508086 2.3320954615618823 2.8094066310377457 0.7894919159536671 -0.6466148225712633 0.9372741170982241 1.1529774387409364
0.15303565049543977 1.355743408203125 40374.21268629554 6825.596246613368 0.7810435014024353 22.113555908203125 252.25058254241873 2.892058530449541 3.40014848817091 1.0749706426054786 0.9815223561638888 -0.6138628819045144 0.9703383583147207 1.034072104054509
0.06765479687601328 2.81072998046875 75992.48549048702 6211.510010375949 0.7460819149092524 20.73565673828125 202.87545582323787 3.265969434435838 3.8631158795955756 2.2604244943943286 1.1197957572945332 -0.5936112337870119 0.976481183928833 1.0474795544710533
0.23101007984951138 5.09722900390625 28637.005734643924 7271.915664604472 0.7820662788679407 22.65130615234375 308.5570356836836 2.6064142124424157 3.1454613240959 4.569522756323067 1.051781180876903 -0.574489405566732 0.9526339601073777 1.015021781762138
0.04272371158003807 1.005462646484375 175566.99074541917 9904.66754291489 0.7367075528011472 27.151580810546875 163.83271822083503 3.451908379247048 4.019709559365268 0.6787805627109833 0.9992636241925004 -0.6012980432283114 0.9805150357614612 1.0527665107892443
0.22755012474954128 7.2523193359375 16809.597642482444 4918.881486871456 0.7609170677394347 18.289306640625 215.88766777899946 2.533165103715852 3.108685434453471 6.397056647738509 1.1631722441739292 -0.49868042877184027 0.9237994638915517 0.9938420316923445
0.09113369416445494 0.707305908203125 42505.20814657853 6093.148138448672 0.7947364124238954 21.107147216796875 73.34042697745741 2.9153905251863352 3.3184268622157997 0.5266025175770324 0.8568738387971018 -0.6182121348601255 0.9691512724835692 1.0769093548299262
0.24353915639221668 2.480224609375 17519.598171275917 5112.899635267273 0.7938180240449229 19.32647705078125 165.53085479703282 2.439654696956763 2.915840762165324 2.1702494476214724 0.9613865807506495 -0.5706129943630878 0.9420887822564836 1.066490084460911
0.03689707303419709 1.067901611328125 313651.5020128974 17892.087304355642 0.7318932447000107 36.948883056640625 252.64175789115467 3.4163210441402314 3.9862952866246064 0.7273514718768297 1.0074258366405455 -0.5967875093841721 0.9792333452534681 1.0621106978697403
0.12770701944828033 2.40106201171875 46837.08177222252 7262.491772583933 0.7396066990131454 23.10797119140625 197.14979354926277 2.999552937514898 3.615650675909013 1.949963164641531 1.0919336610905568 -0.5678129169265501 0.9654655958082898 1.0471922235819575
0.12623629998415709 3.752166748046875 68066.33245558468 11894.97181692253 0.7679341579023843 29.536041259765625 243.78078052852885 2.8485263312207643 3.3930066047988907 3.267166195584707 1.0581838760255078 -0.5765270175365549 0.9614225408459885 1.0891288045566818
0.04602873232215643 5.299041748046875 142255.8163166597 9052.421601555125 0.7220794893660825 25.326812744140625 198.17182402328905 3.424762794985714 4.104965408269004 4.470050233942914 1.1986941656549042 -0.5576719916344247 0.9741400465587149 1.0877739984202177
0.3329824358224869 0.78460693359375 12040.643769099013 5324.959815923125 0.8593122307883683 19.47296142578125 120.52482329416512 1.9593298299329327 2.26673239154356 0.6813601746782751 0.720142896427127 -0.6388868642711268 0.9306875441571716 1.064036967274075
0.19256365112960339 3.897186279296875 18280.961654461775 4062.0032493213657 0.8040881906474169 16.720428466796875 207.81155698386561 2.4170816601699827 2.8744153761442623 3.4896805700973914 0.9771220548971767 -0.5672345338531852 0.9390436064613965 1.0963241755313091
0.221381857059896 0.899200439453125 22148.754918428247 5516.8211192740455 0.8127770994468771 19.723114013671875 228.6806063688528 2.5377423331581186 2.947893197523029 0.7220907143828867 0.8657666696443488 -0.6258903094819561 0.9595568974801018 1.0323712458264458
0.11809919541701674 0.711822509765625 45394.199676632765 6782.905296364392 0.7971070566329976 22.225555419921875 192.25891387371126 3.00459218514513 3.3931488120328215 0.5339346233955098 0.8470821880241453 -0.6500883981747705 0.9770309308843881 1.0415095476415328
0.10936683928593993 1.64697265625 62832.496756739325 7475.173352267826 0.7607493161951302 23.27392578125 272.78233140801603 3.0423214444025812 3.61547629317814 1.2879630791758245 1.0495702543452798 -0.6010493867220207 0.9728153818731102 1.0913910123833122
0.09579210169613361 0.867095947265625 65845.78167137003 8373.579959347338 0.7784884392079461 24.885284423828125 175.46711937068181 3.030318845341941 3.493212942424368 0.6385146560219823 0.9242669845583925 -0.6209547384730547 0.9739671592638584 1.0408877155965472
0.06322776665911078 4.68902587890625 141852.04264758228 11431.695385198773 0.7243918852248681 29.00201416015625 275.23171415151614 3.2996691038011052 3.942529950399947 3.9825547915861534 1.1388284213095743 -0.5795142076715891 0.9753538464822361 1.0657459539280334
0.14353671204298735 1.32061767578125 26958.261810455722 4587.4341695460025 0.775939229407536 17.9273681640625 191.36678992975158 2.7230794644018443 3.213722649605421 1.0297402313590283 0.9966405118127839 -0.5901818316422002 0.9593835132846523 1.0519194553783506
0.03730311756953597 3.587249755859375 260695.50415715296 11692.476274184797 0.7191801578960433 29.309783935546875 239.25628576520563 3.554480187005176 4.195395766764334 2.951418352917301 1.1101789559756976 -0.592676444221276 0.9818452253609286 1.0450809024297798
0.12096108496189117 1.89520263671875 35574.2968646593 5298.414006602197 0.7674069880244923 19.43670654296875 170.347406531366 2.8571157989126057 3.421085660504562 1.5012980007895749 1.0627681810737208 -0.5815661754316567 0.9635230414816002 1.0578657747479938
0.07034405460581183 8.566558837890625 111659.33204588166 10934.92790635097 0.7184305321405741 28.090667724609375 213.0614161439549 3.267342790102775 4.001758208043105 7.471799604412411 1.2427513851191256 -0.5358598923109125 0.9670990372237017 1.0414785514263056
0.042205197270959616 1.641204833984375 174751.81892847334 11158.738421399925 0.7615278360786303 28.854766845703125 150.64681489256242 3.375030873736663 3.8366718566238287 1.357160258137867 0.902435271184967 -0.6318348576772501 0.9822502655717719 1.0712021552254094
0.13073008647188544 3.2960205078125 25152.13896040193 4005.1356838084257 0.8187481192257082 16.57666015625 144.3874652019149 2.7256378874496616 3.0800642142297905 2.9774861403423074 0.8834387589513554 -0.647123136697943 0.9687093642879102 1.1847184615241406
0.15969473123550415 1.05731201171875 17286.061407513076 3579.7425121203773 0.7946588684837428 15.94964599609375 136.8030506239486 2.632358754205109 3.069405349447461 0.826931629479077 0.9327347838630664 -0.5815987153686406 0.9518925963110769 1.0287346021392405
0.079913679510355 3.1705322265625 46917.0747001399 4791.306993762995 0.789797929326308 18.20721435546875 143.8775174192508 3.0520534721877306 3.485605855565964 2.772598694523367 0.9729975447048204 -0.6320334323040667 0.9758465666522171 1.1563347865984248
0.053914712741971016 1.673126220703125 135607.3263186463 8071.049152517613 0.6974830676035362 24.348846435546875 249.2708760724318 3.4168249768017853 4.125009985467503 1.1276058779413347 1.1797735539583845 -0.5669876987667969 0.9763351157743758 1.031621781406434
0.07262648921459913 1.069915771484375 81104.18091103583 7551.253850297102 0.7523050734061014 23.532318115234375 192.5917906946657 3.1970305564070034 3.7269416495960987 0.7682141854461975 0.9948209705153931 -0.6085581985178219 0.9765691494994144 1.0556856308430116
0.1366545776836574 1.418548583984375 29504.285315619778 5124.976229289698 0.7709232525490214 19.172271728515625 196.7033660961102 2.7961932625811183 3.30366558862539 1.1059972483454317 1.0095033923821337 -0.5701175948129603 0.9568864067967632 1.0913156291264785
0.04759910563006997 1.08001708984375 151947.2244905376 8143.334112733977 0.7387895971390495 24.3807373046875 216.73506590619309 3.470788040238546 4.041475496698184 0.7494172914286992 1.0093634601675838 -0.6159091363877519 0.9830397350380405 1.0266935395815218
0.058137047570198774 1.512542724609375 152703.08169367022 13594.815501286512 0.7164574111824236 32.093658447265625 307.703182691445 3.1775973602674514 3.787622325314686 1.063385284598155 1.1041534998323084 -0.551207580066861 0.9657744242532008 1.169762903233522
0.04964530002325773 0.983642578125 153165.37993512762 10041.26530719515 0.7525540390519024 27.27374267578125 177.05635337828267 3.322396909126325 3.8524025713958676 0.6942905671387507 0.9751747283652115 -0.6128127375944478 0.9795960715610064 1.0238434373108323
0.06813897378742695 0.912567138671875 79912.4263434587 7495.551512498641 0.7604492136167993 23.389556884765625 203.06034360533027 3.1156736194589474 3.613292421187367 0.6415601931476544 0.9652370404109017 -0.6065547961158162 0.9738515579880538 1.069291829888249
0.32992389518767595 5.599365234375 14608.963232917551 5320.973123204578 0.8093283845378416 19.27178955078125 256.3483510574863 2.2276153714808906 2.6378026126433616 5.153954788474948 0.9479689055733832 -0.5766313840970957 0.9304089885089989 1.0137807127535419
0.2014288268983364 1.30169677734375 21109.82114829009 4656.705686745761 0.7825917765109862 18.08782958984375 201.67681542781816 2.6063557557568955 3.0961384847856164 1.0270559722557664 0.9789473471181632 -0.5983385600434029 0.957586357518497 1.0688033675200441
0.07699554227292538 5.493988037109375 83414.24062440573 8816.073399271903 0.7797549703970394 25.145660400390625 183.21554964865533 3.096215706245405 3.5802889627386536 5.015056877447989 0.9771948485876552 -0.6278186774611033 0.9770627546506933 1.2036927126531178
0.19380211969837546 1.96710205078125 26680.945139904143 6190.408788765706 0.7553921148311016 21.33795166015625 222.15639121679874 2.65072126102094 3.2266989650233757 1.572501572851479 1.0704422074771442 -0.5359312045940451 0.9434333629140563 1.076441571431465
0.10037354566156864 2.225799560546875 63976.33623652706 8458.029395106236 0.7550767965313 24.740386962890625 275.07088254007203 3.0035160901776288 3.5515724794201073 1.808806719836923 1.0598708712069522 -0.5713760693001824 0.9646341268927342 1.0873452181072547
0.19912075344473124 1.611602783203125 17293.52209638605 4504.405225952732 0.7706803603170078 18.002777099609375 174.3598436545031 2.5788175315222257 3.0607131242590007 1.308682544032365 0.9855919821260115 -0.5482666310978256 0.9408231507247116 1.0631924111756226
0.08758884761482477 1.131927490234375 63191.22031241059 7135.639096457409 0.7714523844502607 22.797943115234375 172.7229265338779 3.065261250834812 3.60481368249984 0.8588010530293673 0.9760938944340585 -0.6071958411096522 0.9737911786601727 1.0362140911122582
0.15545657044276595 1.839996337890625 27801.94186694043 5681.638565719451 0.7396802579914808 20.280120849609375 218.41104600708383 2.811938081213714 3.3719704596917013 1.435080451387023 1.0677794041625537 -0.5415542292850789 0.950727114621185 1.063170645267552
0.12159344786778092 0.861572265625 38685.148135603195 6493.872841550157 0.8011442745632167 21.66546630859375 142.13005330331748 2.7893328335970757 3.2065922494260874 0.6698443594068522 0.8816954746775224 -0.6281302003334529 0.968245918211148 1.0647092872783273
0.25264674238860607 1.263458251953125 7275.693308574648 2418.48713112298 0.8398388650874599 12.700225830078125 84.01326189536672 2.151057171374963 2.494271802057981 1.1048070860466055 0.8048059713941388 -0.6027895914298531 0.9318164336601039 1.0486740271280697
0.03267558943480253 0.696746826171875 237019.0430768055 15619.383143899973 0.743717330852377 34.559051513671875 104.3142529139987 3.4165188958500905 3.9128586458098966 0.4288717742425092 0.9050023426209266 -0.597744742681282 0.9781276135963459 1.045176373143125
0.16931622149422765 1.252716064453125 19593.049865693723 3833.800162205853 0.8002136351311872 16.505889892578125 157.8480156553033 2.6310929010706854 3.087562699203828 1.0153388402800942 0.9322618541034631 -0.6019644306522697 0.9582554274707719 1.052031433958377
0.0685435370542109 5.559967041015625 97661.40398249442 8637.298229643435 0.7293096380683826 24.747222900390625 231.40311503870504 3.2847919051462 3.9166349674900305 4.762509887201361 1.1587761034594832 -0.5747064167219494 0.9739046430734721 1.0292094381231547
0.06096375919878483 1.130035400390625 97650.61312932159 6698.008571676194 0.7501555734166223 22.031219482421875 210.33056713161756 3.362848332490408 3.917762308965239 0.8078420515094535 1.0168713045011921 -0.6164686160544076 0.9812514400385002 1.0138045859442477
0.05030161654576659 1.599151611328125 131130.04625290554 10124.284016988175 0.7059467488576495 27.536773681640625 181.66029255254904 3.302220398899576 3.966439663964679 1.1271826167326822 1.1039291540595817 -0.547945913879714 0.969185363298397 1.0924990224701585
0.11295365588739514 1.22686767578125 44323.46838738824 5710.797400329353 0.7730966790741063 20.37054443359375 224.9409282613599 2.945613366819573 3.462067496000803 0.9416077265725562 0.9888127554158291 -0.6043591671966273 0.9698792415372034 1.0767248350581156
0.09657376259565353 0.811004638671875 47670.63599473663 6839.353477537322 0.7872738329546572 22.310516357421875 144.57329558184398 2.9477873047529743 3.393329073705803 0.6063134110582382 0.8899177743709112 -0.6097695577026939 0.9692955992910622 1.0683624210475462
0.0627822526730597 1.343994140625 94789.60989105218 8094.251210568022 0.7480666986815915 24.5157470703125 194.5317788719849 3.1801812881065192 3.7277769836540777 1.006920168315446 1.0208421655679902 -0.5907549516307706 0.9732087328740587 1.076033919479168
0.1189252557232976 1.14129638671875 61595.46917788063 8631.063140842658 0.7816815447063307 25.3311767578125 257.54023259512996 2.9191642824477846 3.395388751743035 0.8872896036855309 0.957251316409146 -0.6217914440381829 0.9718461083897336 1.1214196568809638
0.043175323866307735 1.660125732421875 159137.33539897605 8980.886354958355 0.722277040549045 25.727508544921875 215.31569300336747 3.4209795820476225 4.034179005692421 1.2397866048045785 1.067204557417336 -0.5928112185463378 0.9793674959245406 1.0952556080759395
0.062455755192786455 0.952484130859375 122791.07309970676 8816.090938051631 0.7602446791089918 25.420928955078125 256.74129528538657 3.3084365132978863 3.8340754678721614 0.6807074163053244 0.9642273447808231 -0.6275974378674469 0.9815885394922861 1.0832580858758651
0.0386712453328073 1.08868408203125 161863.87952964325 7877.992563589951 0.722608458273097 24.06072998046875 169.84722283722135 3.4768322130218823 4.080814027594775 0.7127313039566161 1.0469203685597057 -0.5977957331943053 0.980920766216838 1.0459483349093424
0.08806065050885081 0.8331298828125 70729.77168852217 7814.120159564285 0.7928813648699801 23.93206787109375 154.36980591480483 3.1005266479328975 3.552105109386067 0.6344385303236777 0.8858357045759547 -0.6421919773637879 0.9789166166675598 1.0363463518403597
0.20367360021919012 0.870941162109375 15213.199623142265 3944.7582457524404 0.7957317433916393 16.836029052734375 127.22920557472258 2.59134497150135 3.0213306004521017 0.6663613386586462 0.9042233297068348 -0.5958811834455366 0.9542060554173846 1.0185897979718186
0.20552065083757043 1.70501708984375 11665.9467711175 3189.536185271343 0.7952266251233973 14.7689208984375 154.20272219779963 2.2877141604076696 2.710268246613483 1.4185062185797506 0.9665994429942673 -0.5268478218381996 0.9144883891263332 1.0337802567538956
0.12469310266897082 0.873504638671875 32413.46390826129 4651.154337974764 0.7821552671358529 18.269866943359375 187.64740700483304 2.9012089981995333 3.3622195737780687 0.6455704695341069 0.9304966222771058 -0.6205263081442643 0.9707678820596904 1.063477922418269
0.06201142817735672 0.655242919921875 125788.99099404816 12824.278478605866 0.7898226489731568 31.157257080078125 130.7416380127416 3.051424967969328 3.4665529716184014 0.47322856877377717 0.8474165164119228 -0.6216735918798164 0.9735012661006716 1.1305949309744914
0.05791922099888325 0.989715576171875 115798.84738494015 7481.986981073293 0.7335243516763131 23.587188720703125 207.15670352303192 3.4414612641913997 4.027764229149079 0.6541055498951778 1.0106883351521536 -0.6059419559402508 0.9813659051674106 1.0698623978947406
0.06153952423483133 0.728179931640625 98030.04890032497 10171.46244374091 0.7878423658290842 27.576141357421875 100.75217947054449 3.0580487073170257 3.4619058537527843 0.5404477836269166 0.840205434215616 -0.6228740165186497 0.9736258213298952 1.169827452307417
0.13348061172291636 0.936187744140625 40671.55539052727 5992.080182746988 0.7671212156113126 20.905426025390625 197.80709138918206 2.9605116402815588 3.4830705886732156 0.671489738796538 0.9714777694252695 -0.6141332069597589 0.9724052335649221 1.0293803675423654
0.22633582400158048 7.74603271484375 33724.124073951054 9462.61981233619 0.8022963262799876 25.8687744140625 290.1999715240754 2.489767119200956 2.9735352466976517 7.002767152329625 1.0451329159139722 -0.5787069335085485 0.9472011196370892 1.4001125752262253
0.07125391205772758 1.296722412109375 96787.40042891422 7870.816882797084 0.7334137552703385 23.964141845703125 273.62915321296816 3.291162110358632 3.8678503084165596 0.924347336651465 1.0550186198400493 -0.6025403888164695 0.978151411479969 1.0378560066646167
0.05051914555951953 0.93450927734375 150118.4047868745 12728.232689088129 0.7607354915658698 31.0980224609375 131.46262247596405 3.274571257373812 3.7810930873971658 0.6669846282750314 0.9530632258438838 -0.6052301678806039 0.9770190166281322 1.085299152312735
0.13857309659942985 1.70318603515625 45426.00506517878 7866.538821281174 0.7501701099062977 24.122802734375 241.10240858904217 2.872021469947587 3.4369742493977626 1.3274597232848464 1.054334321411873 -0.5610306868187516 0.9586185187245336 1.0897707837160346
0.03542986232787371 0.896881103515625 278482.4684421061 16382.298781921163 0.7578908496226019 35.277252197265625 119.04681542423947 3.3717135510478946 3.8850190491822705 0.6300883739218648 0.9391963868401171 -0.6090491206941842 0.9795421787933734 1.0550246155495657
0.03224766766652465 1.96820068359375 235628.93787890274 11540.586577110633 0.7057476895632937 29.63323974609375 189.59742089547603 3.5103404970366743 4.180935496292469 1.4690780984112735 1.0945789507151436 -0.5608253973238873 0.9761529885720862 1.1159311864679897
0.14033601339906454 1.023895263671875 47256.84079410433 9067.537502675375 0.7931263524059722 26.049163818359375 167.39352319438837 2.796583063395635 3.251198555569961 0.8026715369852013 0.9209061210650551 -0.6156138356389037 0.9667377349806602 1.1849690515561924
0.10714367963373661 2.192230224609375 41823.63361554277 5489.618493620844 0.7644900597493702 19.929656982421875 168.47915938707416 2.9692674612781382 3.527598656556793 1.8219560974785622 1.0213293775451902 -0.5842459034674137 0.9670729420858873 1.047315810109232
0.08851608587428927 1.249725341796875 71027.88745067737 8935.385470386653 0.7753340389023828 25.794403076171875 170.12506980810582 3.022487777449627 3.524017196556197 0.9713615140140632 0.9748422701189288 -0.6061363781548892 0.971750652141827 1.0991666370487654
0.045515329111367464 2.5732421875 139858.8734036837 8819.377650059363 0.7272143968087197 25.64373779296875 174.74712694355026 3.3621248215500716 3.9867381792559597 2.0895699041429907 1.0727526454383427 -0.5709574425830789 0.9745380048871403 1.0452887068742078
0.13621207606047392 0.7591552734375 19129.96486448427 4411.084242518171 0.8176835977891748 17.70452880859375 78.47945411904607 2.5962567932576226 2.947467510713632 0.6093287320547915 0.7988498001678849 -0.6018665273020325 0.9530812233876137 1.126896666507443
0.04332184325903654 2.003448486328125 193843.3506344255 10183.055527987604 0.693057595164286 27.693450927734375 213.00883446742097 3.5278131269064668 4.271725556842804 1.437273265924489 1.162955412303167 -0.5516169565792336 0.9759634090779256 1.059722471846416
0.19667729921638966 0.931793212890625 16721.516907206395 4834.667177219713 0.8344011620291012 18.641571044921875 83.34666631333863 2.4147165174857967 2.7502995801731225 0.7921539122267518 0.7823394368443908 -0.6221270852498053 0.9508054692453153 1.3286479838865728
0.19632491189986467 2.50762939453125 15898.569091705243 3667.172883284489 0.7965487295921548 15.95074462890625 175.31585180391653 2.4145735621470883 2.886717110763124 2.174333729090222 0.9843434096149775 -0.5637934147868452 0.9384215516690686 1.0480903477039123
0.1025128266774118 0.673736572265625 26932.359331389238 4488.544112425696 0.820296710005196 17.766143798828125 87.37115396559244 2.8360089121343246 3.165780663225977 0.5350618823050013 0.7833527465030952 -0.6386731662005146 0.9693537125670801 1.0875562194222108
0.1035746494308114 1.808624267578125 68587.76780582097 8314.851102763452 0.756620738049257 24.603057861328125 301.9171072932404 2.908141763154686 3.4386880602272223 1.4316515472447122 1.055599223843061 -0.5899440414181077 0.9660384339757837 1.1515905027599003
0.23809364810585976 1.0872802734375 16157.508025893609 4471.735448016989 0.8219042664975479 17.802001953125 168.68738762391513 2.41224173849143 2.804857630316398 0.9121600214587033 0.8511539586556124 -0.6215261761873873 0.9529274622878576 1.0354900539164327
0.09556527668610215 1.3660888671875 83451.9887977547 9368.146592254954 0.7568881284634639 26.2919921875 272.60552664246643 3.120750507809179 3.6484167145662463 1.0500514388606916 0.9968408373394488 -0.6154463246518185 0.9762475746630603 1.0811193957852119
0.029026487842202187 3.9951171875 334568.71033305227 14119.487219629485 0.7387445835772904 32.44024658203125 165.03408366033023 3.567949140884023 4.190065479375422 3.455989738890821 1.0688595894204598 -0.5944588910676407 0.9820386567938153 1.082259645842779
0.032702775206416845 0.87835693359375 241433.99684815464 10218.739129729627 0.72339586308085 27.7579345703125 151.9127580037757 3.525745998238802 4.104447685506452 0.5405676851514727 0.9871286905010487 -0.5969024922355027 0.9811438153098777 1.0366227608392111
0.31271003698930144 1.540496826171875 19875.86698633363 8231.392851647222 0.832925411444897 24.399932861328125 174.4273413233787 2.1753179949159778 2.5380839457474336 1.3532978185294837 0.8337795420377477 -0.6166218031427529 0.9389602176487066 1.0537524479056202
0.037662000861018896 1.19061279296875 179630.4843606386 9712.258955175006 0.7078323726647046 27.01495361328125 182.02896246886507 3.494400483177999 4.135502574387378 0.7604372776206674 1.088219804970113 -0.5782779638500918 0.978565320617347 1.0814223437835644
0.09304363746196032 1.82025146484375 56884.90418629412 7723.048947290648 0.7637688519884619 23.58123779296875 247.6499274797991 3.008821099033131 3.5158629240982306 1.4877373077551965 0.9971458321878947 -0.5893626239929476 0.9679416297124758 1.0995145198929555
0.2305048182606697 0.91241455078125 13751.475181940601 3837.352400581124 0.8156569414715706 16.547119140625 122.50512521004202 2.4415981176210524 2.838016264991273 0.7322080828018898 0.868652847944822 -0.6263487307223138 0.9555790226332926 1.0139847802105135
0.12180124083533883 5.714813232421875 50417.068308683294 7192.157970607877 0.7514162765731616 22.291961669921875 297.81711090333033 2.940222592319193 3.5530125591454027 4.9584864273234075 1.165899974265633 -0.5606353963891431 0.9619474709724278 1.0481217373631035
0.06750603439286351 0.759033203125 130873.49726835155 11580.888406829967 0.7694033979999509 29.40386962890625 268.7218608434089 3.1478326517579123 3.60971870571126 0.5287119192964838 0.913498870182139 -0.6292107255282149 0.9778813286907729 1.0528488841683858
0.14771366212517023 2.1202392578125 30204.955134715412 5570.775219676483 0.7814880147596877 20.1446533203125 159.02286048329643 2.711159867660463 3.2093341762603145 1.8023994700909043 0.9852172786703404 -0.5862898828748173 0.9582014151716919 1.0969867928526036
0.04301512846723199 1.7601318359375 129684.5734816127 7128.382226763924 0.7095482320909209 22.95916748046875 169.40590060142335 3.4552893250642893 4.144722658110421 1.2455810591875434 1.1555214963729357 -0.5633688921578374 0.9759974554080569 1.0531486121587197
0.23985414393246174 1.47265625 13909.026793649893 3934.9653467247263 0.8303064056285205 16.513427734375 152.96191833977718 2.2290820082303435 2.5942074313007297 1.2861226017305398 0.8436753215102881 -0.6214997601768322 0.9434022465693394 1.0542560834294408
0.0846098274923861 6.734832763671875 77036.33977100033 8325.97652848051 0.7474449886792595 24.455535888671875 238.25809260724424 3.0876848415031843 3.6768601707730157 6.091023382257902 1.068944129449206 -0.5858116536146768 0.9710617849535947 1.0381759213407955
0.1886500772088766 1.148956298828125 28203.508448760935 5459.012525923927 0.7944977054690316 19.631805419921875 261.473714121983 2.719127178181496 3.176109502867101 0.9180141035754446 0.9306854856619761 -0.627052303474529 0.967145768030798 1.0833919194722894
0.1632999638095498 1.16497802734375 14596.411255869614 3226.66863848735 0.8102400301728341 14.95263671875 90.15456543724576 2.5632698405696175 2.989586740457862 0.9543672406007317 0.8964785115540437 -0.6040793946667092 0.9553075076918373 1.0443501143105027
0.05796659970656037 1.887359619140625 114003.44489098559 8127.36465382329 0.7240444951001823 24.611175537109375 180.75035002812325 3.3234530123261057 3.979573860135392 1.425403588253232 1.1115498488553677 -0.574347675623888 0.9750650979383249 1.0447384410340412
0.20491675613448024 1.42578125 24727.369645123486 5137.218415873776 0.7801935465372252 19.2366943359375 229.97959179624104 2.7336066618402253 3.259033151374482 1.1289632572445498 0.9974934283910447 -0.6057048672459595 0.9646728461841936 1.0224829549776298
0.39803449204191566 1.2742919921875 9943.88448211966 4468.06429702722 0.8309613431871412 17.79742431640625 191.54119175272012 1.8884459486933223 2.2542932178162904 1.0916730081173682 0.8454418199830268 -0.5668507401418195 0.901292181405045 1.1085882739764263
0.11763114528730512 5.401123046875 70045.22667450419 10254.333743130745 0.7581905018820713 27.341552734375 274.63042026962285 3.0030759811994017 3.5441396027371326 4.831560966501456 1.0569087586914485 -0.5998346549749017 0.9709222100796809 1.1060969280422543
0.06876165792346 1.512725830078125 111378.5347175993 9509.575761542652 0.7251194329277119 26.514862060546875 253.7144470759568 3.2264048703040418 3.86354916060512 1.095335323130314 1.0889167206421244 -0.575044786815817 0.9728889000313737 1.0507537834331995
0.043938081711530685 1.5467529296875 205011.66101346185 13969.897700904647 0.7160101631265836 32.53839111328125 253.61245683402217 3.3616788869507617 4.024302581961193 1.0962328118848745 1.1064562713900719 -0.5635414937884196 0.9737797692655229 1.1089117531146224
0.07810088014230132 1.3404541015625 81640.73510246907 8430.175402751562 0.7463400090212857 24.9029541015625 189.16239030303495 3.165894553105511 3.735804400262838 0.9919174369044867 1.035904103199806 -0.5892012495024306 0.9730687016764682 1.0780781122562495
0.2510083462111652 4.6297607421875 14648.668316759109 5138.9050213659975 0.7845311990175128 18.9566650390625 175.91151759637523 2.361172298470245 2.823418477649047 4.081645342932688 1.0547076779872007 -0.5196188788419452 0.9178859973910574 1.0298365045461764
0.2294940110296011 5.983917236328125 27902.64256249412 7866.839008329218 0.789993840590245 23.727935791015625 251.33828655379745 2.4801558288909304 2.962778958644335 5.408905834971904 1.0359152266152745 -0.5844691170668008 0.9485463993976871 1.268168447840011
0.04751676367595792 1.5531005859375 209063.06938660232 11513.514478455736 0.6945623241793605 29.4991455078125 265.5185978359232 3.5529852976310288 4.229639645495276 1.0483074378898891 1.1190918972645274 -0.5763047914367687 0.9797393440614557 1.14658603847119
0.04044041829183698 4.40252685546875 225053.3407723148 13791.332302743507 0.7032018974270968 31.9283447265625 228.18759565284654 3.3902853805475566 4.148981940149578 3.612255816948391 1.221473064524198 -0.5306866013788495 0.9690930958231192 1.0884837723252327
0.14303618157282472 1.202056884765625 30656.0940277255 5117.387952527333 0.7847956884061491 18.838470458984375 258.8904519592002 2.7483068984737993 3.193904225186014 0.9421516919574628 0.957248630565366 -0.59951838744048 0.961157200257066 1.023722032185926
0.4237547153607011 1.325286865234375 11541.052770494796 4268.552052064981 0.8758246623367429 17.219818115234375 302.2666608916284 1.8172050774222581 2.0827217152919646 1.215306498890243 0.6793392003781905 -0.6689432357259325 0.9286821272494011 1.0829022282994825
0.16480485070496798 2.83026123046875 22466.47156855547 6049.190450012762 0.7672734923269469 20.59393310546875 169.9996242538275 2.6180786286735866 3.1324666077493233 2.37659497419736 1.051486777632466 -0.5176382457590444 0.9326973182154967 1.0184903092466542
0.27254778426140547 1.0565185546875 12184.589451742857 3461.7611427917764 0.8581112199013469 15.20501708984375 224.78619917392666 1.9844226646404077 2.2572265679243224 0.9383676396830651 0.73604391086198 -0.6190562496622537 0.9229331817611446 1.0640186776920024
0.14633065555244684 6.12738037109375 25564.24208541134 4998.322825980344 0.7534744156617073 18.3272705078125 219.09949201859217 2.7704280284035225 3.354282129196962 5.339406392407 1.1613821828295399 -0.5281783029416263 0.9457079310297619 0.9948068253793202
0.07723528053611517 1.256011962890625 69761.54250301998 7054.038105981628 0.7903067443652321 22.623504638671875 152.66356800723958 3.0529756725829618 3.4787330980465536 1.0288413917729144 0.8807184931504966 -0.6393406806192241 0.976984239699794 1.2610989212777515
0.05622781487181783 0.68072509765625 154430.53855513647 13713.396397057859 0.7929761717018293 32.305908203125 170.13562065430233 3.0858328376354907 3.4696883766514315 0.49525356052822644 0.8646125789263845 -0.6382939162692973 0.9766147919274083 1.0667060244462598
0.12850246764719486 0.78070068359375 48952.87970125182 7377.604536226048 0.7794797960913066 23.25946044921875 198.48195288200645 2.9782091734528024 3.4325396918724063 0.5678234532615534 0.8986999814972847 -0.6372313915087152 0.9756327618147697 1.0483899409019073
0.1263914038427174 6.0184326171875 100377.9788262259 13347.81652013016 0.8080502784534928 31.25579833984375 445.42642177048424 2.877066885915713 3.3248255995536016 5.465291806089226 0.9780293298606553 -0.6707024517871498 0.9789832879045441 1.1480675339346245
0.11806581541895866 0.98486328125 69407.42364977753 10253.990340189077 0.7596499467589352 27.64422607421875 305.10900056591913 3.0431731615916506 3.533029083080196 0.7106095212884611 0.9650496205947781 -0.6052190970854361 0.9717745384868969 1.0629790857502164
0.05664227157831192 0.994384765625 125352.93396194845 8392.499016772217 0.7684143357601216 24.90667724609375 229.73883004795448 3.3619190119348783 3.876319357375581 0.7333169335381626 0.9563767767776302 -0.6298182424664575 0.9825732536851973 1.1073993461809757
0.13389131799340248 1.018218994140625 68625.5046029954 13331.853454424057 0.8065976907965496 31.758697509765625 200.18396262375114 2.6302031383351165 2.981702606075211 0.8172984960929739 0.8824117690902911 -0.6259888061224157 0.9607640502644299 1.2658364911265958
0.15075794234871864 1.38397216796875 25674.450884238868 4382.166934156707 0.7715336577390233 17.5343017578125 173.17902060349388 2.772811088180958 3.3026844007310827 1.066964875241183 1.021103865775567 -0.5919811355259513 0.962636700425395 1.0334674239958588
0.049737927969545126 1.19049072265625 190592.6899045172 20824.80566199521 0.7550120664569617 39.8665771484375 149.03830671647393 3.115824816723149 3.610893857942328 0.8881462646625096 0.9496462628850495 -0.5689116371704438 0.9656082940182638 1.0879197474266187
0.05349282640963793 1.15167236328125 111768.6105874417 7736.829899673591 0.7309555871836757 23.8897705078125 146.1095556528462 3.3609073054597327 3.965679076567507 0.7856195527222098 1.0521516505555857 -0.5890108975032022 0.9775357154485287 1.0136274952883193
0.19168614270165563 5.34661865234375 31543.095360583513 7349.98726818246 0.8044310408691964 22.7916259765625 240.13458883531803 2.585721131636098 3.061006090983152 4.842874788228073 0.9907301945785129 -0.6011599871240133 0.9571098862022218 1.0912292864629587
0.10174615914002061 1.071502685546875 52178.37908661268 7346.612952338248 0.7722413440671598 23.137115478515625 170.58898167372587 2.96514307846101 3.4753494384070405 0.8069947003010043 0.9682692346804211 -0.5951131657016109 0.9681944947445805 1.0399865694201254
0.07842715084552765 1.47247314453125 96757.95471608282 9624.450374747292 0.7246224042320671 26.73553466796875 242.63859143697687 3.2181604348932606 3.8604493798391055 1.040599968474453 1.1075062533788218 -0.5662977907964161 0.9709731717645481 1.045847358893189
0.06316084880381823 1.164825439453125 113340.8007667833 9042.855018362854 0.7375777504115502 25.866973876953125 184.88774247361386 3.244721050281675 3.8364473659327523 0.8124618342667986 1.0445196759190334 -0.5918669270193413 0.9756462231714237 1.028935215950203
0.14984305948019028 0.795257568359375 25751.055134455033 5429.511263051976 0.8046915061764717 19.737762451171875 113.29770183491934 2.6073276283229228 3.012127737181017 0.6160689559429215 0.8695868526690975 -0.6161563411220877 0.9593351518714283 1.0450648089012333
0.20804625004529953 1.2052001953125 42639.97455527943 8503.825522678071 0.8109305607619031 24.85205078125 434.0528051909205 2.600566830692198 2.996730195433787 0.992890713041561 0.9012544374704575 -0.6539331795713792 0.9676957338064726 1.0587240280213097
0.058841342106461525 4.360565185546875 134525.3220105468 9247.415688403882 0.7584046723957483 25.689483642578125 293.77992074539907 3.3725056521083046 3.9208277189203735 3.8259038489005093 1.0418449047608913 -0.6188132601494849 0.9816536338015571 1.0421265413563519
0.08453466929495335 2.87109375 83380.12479930332 8277.270839612025 0.7597180752561867 24.29193115234375 299.0145013741278 3.2269797021709947 3.7698762574378057 2.4324780520967124 1.0414658439263245 -0.6092231485297896 0.9775094849745329 1.0845289544397785
0.051706694066524506 1.7135009765625 88990.16319359172 6344.633234778201 0.7894066980296719 21.2333984375 130.0265786946402 3.2604197749244492 3.738372144921832 1.4364673624352235 0.9248952206378082 -0.6214092786201343 0.9789903636891716 1.1005685071976719
0.2096289279870689 5.693939208984375 19435.132900523942 5198.551847252995 0.7939595225590198 18.973846435546875 162.9712724402462 2.5291511767578196 3.02292799852005 5.194947104837922 1.0017813413952679 -0.5772426438252176 0.9487608233304308 1.1296672444882452
0.04787667095661163 5.78729248046875 179592.09784244967 12181.953116476536 0.6809924218250674 29.9029541015625 246.46515652181643 3.4408773509736705 4.2009578077410215 4.822847041258001 1.2515926499745582 -0.5271372305426651 0.9693429233735786 1.0856958491922362
0.07896976359188557 2.79840087890625 42355.19572741183 5567.3249381082605 0.7625222300873618 19.8927001953125 115.27580959466377 3.0309680893951065 3.550118095828487 2.384146769670224 1.0144714524925849 -0.5696714072300956 0.9641725913684471 1.0918297042518672
0.053801193833351135 2.67071533203125 133615.10257751125 9773.139171844407 0.7678963410517617 26.8773193359375 174.81789534242944 3.188002679389121 3.7093671150434955 2.3150181430066823 0.9800973066250694 -0.6117813977609923 0.9768012340758427 1.0896796270612599
0.2372132553718984 0.821258544921875 13103.648937086833 4310.416329136249 0.8222788179960159 17.531951904296875 121.03193806727273 2.4120776859375455 2.7711421233519786 0.6694474884826036 0.8186661834382586 -0.6005371745414322 0.9452483503061834 1.0180181489444244
0.06598351709544659 2.689849853515625 89494.93937941728 8742.247731596524 0.7694949923414648 25.156585693359375 160.45426866016857 3.143989585716769 3.6457988872001104 2.2879840227070076 1.0011179067170841 -0.6018071373144407 0.9736320338075289 1.1017639165214876
0.0681419912725687 1.221466064453125 115087.60850973436 9689.043159878522 0.7314681962293758 26.721771240234375 222.79528604069725 3.3284990621922343 3.9230391052059717 0.8442665026523741 1.0578876719532448 -0.5961554410512981 0.9780328241879129 1.1599646352611592
0.05376676004379988 2.094879150390625 105638.38058988769 6831.854801887239 0.6967772218226478 22.443572998046875 187.7924148045068 3.362701665101412 4.098018474855891 1.496573475928983 1.2083411508935673 -0.5477011250950072 0.971906943262816 1.0636215231231287
0.03913762606680393 0.62890625 132508.07233531924 9675.172147973488 0.781892005731804 26.89678955078125 75.85455135708457 3.2568235123422484 3.6780368225827105 0.4374478326883491 0.8465932890026912 -0.6235589171957074 0.9782347446165357 1.0663106264808948
0.05309402756392956 2.08404541015625 113709.33611820718 8148.819930228967 0.7129248059810481 24.5068359375 148.26784284511814 3.3883595561221007 4.052622395874732 1.572933633291541 1.12368219100489 -0.5648688028196506 0.9745929693119568 1.0315383204264865
0.10710818134248257 1.176116943359375 50044.92638992148 6997.4951404503045 0.8115714402857956 22.579620361328125 153.69490166404654 2.876800793200627 3.2623877259709904 0.9830116956205188 0.8611092256653894 -0.6504712525828663 0.9741563403422439 1.231410155227373
0.04681511130183935 0.60699462890625 142275.00964949038 11685.33825482428 0.8024755209297647 29.7032470703125 82.30560295560372 3.1237617171659506 3.4990059681428134 0.44768065276934976 0.8091786257541452 -0.6314266840898213 0.9760229336672146 1.1297782764816238
0.05456580314785242 1.79095458984375 81855.3724937527 5957.55475600383 0.7634790097327651 20.67340087890625 143.06754031272817 3.332238870064268 3.846898444507461 1.4479208587110861 0.997981276954014 -0.6143514062976878 0.9797504483048532 1.0588785927630806
0.04941581701859832 0.47406005859375 124861.74550125792 10231.8800961292 0.8109545953672941 27.5758056640625 99.39714707720213 3.2692375529411266 3.6001314089594403 0.3392329865928332 0.7612581283108087 -0.6694196023371711 0.9837208237086418 1.069395655657286
0.14174309046939015 3.0560302734375 43809.082890499165 8082.4248047614565 0.7591772555565872 24.204833984375 199.81974746898413 2.8910796787492004 3.4766261751258134 2.5786742990831044 1.0841548355721324 -0.574356357075981 0.9633025939734073 1.1175584850321232
0.05049955053254962 1.2567138671875 220786.19377766375 17405.784111662473 0.7533189651628162 36.46685791015625 235.62886343562445 3.2361840379433593 3.76957486210477 0.9360912118156648 1.0064063936505274 -0.5907535784270957 0.9740888023198075 1.1522889642355851
0.046976386569440365 1.015289306640625 124469.41216981444 7272.022255245665 0.7318771398674173 23.164764404296875 161.70023849776686 3.444462298519792 4.020259329248916 0.6704863862383377 1.025035032715608 -0.6014382657612058 0.9805460572582987 1.0544487596265197
0.08788262074813247 2.51678466796875 79623.73452020621 8692.878736950435 0.7577267947609955 25.1864013671875 185.66845084568286 3.186985172459294 3.768594668365194 2.0579617370176493 1.0838040337961115 -0.5976970199568343 0.9753999734091797 1.059110977582493
0.12602991331368685 1.13739013671875 47440.19293711085 7446.555671510028 0.7754332512640566 23.37890625 187.77808991167694 2.93050263158549 3.4376548403596217 0.8748101494804814 0.9646132809690362 -0.6096194900191844 0.9703858608739216 1.0494400630335483
0.04851424228399992 1.265350341796875 157899.24138158932 9919.206072481546 0.7292189797392061 27.097991943359375 199.09147576305764 3.384448752492367 3.9979278334988355 0.8861061364473812 1.0574339294299353 -0.5877875528965448 0.9778890884785925 1.0354286350781243
0.0893395277671516 0.9859619140625 73099.3798014563 8140.942794049657 0.7848055480413194 24.4791259765625 169.92288436416948 3.084307245353704 3.56748486389906 0.756467211975405 0.9242116548425581 -0.6291078015973132 0.9770289660851387 1.0411583114088674
0.08497394202277064 2.173370361328125 66320.89060067217 7865.289132739654 0.7442275143518768 23.812835693359375 224.74431655242148 3.1866290339211942 3.781952479042205 1.7224782459211951 1.0882464759129233 -0.5675910549556615 0.969498250715263 1.0574110621583406
0.19765932951122522 1.316162109375 18882.287710834902 4609.905600535687 0.8158823241792748 17.82958984375 186.59256336711405 2.398270473001605 2.788391224344685 1.1083673196590098 0.887675393350884 -0.6032845287014085 0.9468760088810054 1.042792054176354
0.08903343230485916 2.76641845703125 44251.87287990474 5998.913640383631 0.8122105339866224 20.654541015625 85.51639487414286 2.9113543864286964 3.341068377990572 2.481618683963461 0.8878022535123427 -0.625027077564691 0.9711569653277832 1.107379362640038
0.10974922869354486 7.48590087890625 63385.93423640698 8837.74786028413 0.7975869107607204 24.99237060546875 294.0132148090581 2.8580267318956136 3.34677578053717 6.826936252757378 1.0253492628519782 -0.6093030630504915 0.9679676849622437 1.3024296734718026
0.14079914055764675 1.10736083984375 37499.28552138466 6317.491386915095 0.7849618455753602 21.2869873046875 196.59311541204897 2.8862913941122432 3.365423425037243 0.8644625225845175 0.9404908200967199 -0.6203803029739019 0.9708184279802855 1.0445414155290038
0.04890184989199042 0.768310546875 138594.38954074355 9782.517147518078 0.7798944466250097 26.8887939453125 159.49013090430617 3.2963622077593517 3.7282713256941906 0.5616928242054655 0.8667125381249207 -0.6387854193723136 0.9815211689803794 1.0945227850786772
0.052204571664333344 0.777099609375 109296.35494041863 10536.729154652192 0.7714363462501217 28.140380859375 118.95588787866654 3.1123066180503165 3.571833291356832 0.5541059258330279 0.8871216338990368 -0.5948670811964417 0.9705329588814586 1.0819088376206358
0.047698544804006815 1.150482177734375 113481.5689496006 7360.71405083313 0.7879013258542973 23.233428955078125 125.53438620185813 3.2813643248079964 3.7330061242660695 0.9146024089732805 0.9112123627711128 -0.6351387603998996 0.981056599801483 1.071407591894464
0.03544366266578436 0.810089111328125 202356.45497451298 12208.826899002572 0.7599805284041297 30.307830810546875 133.4089302175608 3.363365864653028 3.8381767282973924 0.5605616692651552 0.9074792091425656 -0.614277417562993 0.9795887054772691 1.0217039500223208
0.0900025861337781 6.428314208984375 44908.27731938432 6035.578898915148 0.7616355782500733 20.713653564453125 140.9133418745742 3.049380684766109 3.5653099473459835 5.848999650313601 1.02464185034777 -0.577470977493125 0.9664687530877302 1.0691424341640943
0.0516709852963686 2.561431884765625 142883.97877871632 9815.829346151599 0.7385390305679967 26.907318115234375 182.45139655137115 3.3462267127458283 3.95796393594998 2.0989735685557775 1.0701722944425984 -0.5843743238501565 0.9765566637229354 1.0510234414405157
0.3042870261706412 2.2596435546875 13523.889548631487 4201.303570224092 0.8219646278757056 16.9552001953125 212.84586776257584 2.3096908504907705 2.7152725459946456 1.9988902052946287 0.8943948779904013 -0.6273325764886295 0.9507812225822224 1.0589121939243995
0.04500087769702077 1.24749755859375 198324.63737669383 12530.06992034713 0.7178135593988266 30.6788330078125 265.88630744641796 3.3548582022793183 3.967741451549181 0.843090815458936 1.0712459381491692 -0.5798057047195645 0.9758865273296642 1.0627936446360096
0.22335665998980403 4.553375244140625 17191.50888953028 5355.376913488843 0.778221074074222 19.322052001953125 200.8544388768433 2.477319641826273 2.9825342844523886 4.024997913459231 1.0500266140498202 -0.509825983792514 0.9222337934846002 1.0339830974687534
0.06509604351595044 2.01995849609375 152020.64556395466 12146.139316029861 0.743871945463643 29.92913818359375 262.1289995586378 3.325243025765275 3.9149077322340036 1.6258219810608807 1.0403835656216798 -0.6045081254859302 0.9793067318433281 1.0476301510173427
0.17894834652543068 5.15655517578125 36548.8298651789 7012.149654873239 0.7606011611264667 22.106689453125 322.65502719753204 2.7846807831221074 3.3564010719488597 4.507250685477629 1.1201363322418079 -0.5741450273875608 0.9596783894765765 1.0228947582955263
0.4190960079431534 0.964385986328125 9290.067093143329 4984.412873540533 0.8792937607841917 18.734466552734375 136.87786674281102 1.647824096314465 1.9031275987527096 0.8735049331353935 0.6546448491021739 -0.6353745330510827 0.9014409809725281 1.1061155224590418
0.1732513615861535 4.546966552734375 25260.95202056084 5716.525459941709 0.7814785990249952 20.013580322265625 150.5222487395427 2.7438192343203673 3.2309099644406447 4.017693781243054 1.0220071854052244 -0.5892935322429398 0.9597083754376693 1.2708875408353582
0.03884417377412319 3.59661865234375 224952.4603129439 10499.180373198718 0.7260432131713227 27.66204833984375 246.23831433652254 3.5440721230522194 4.176772793223529 3.0177257625991842 1.095793247158836 -0.5957215181720449 0.9820371888348168 1.041695771234544
0.3291458790190518 1.247161865234375 12846.905167046234 4271.3979088283995 0.8196950661114728 17.290435791015625 216.1502184779934 2.233222755591601 2.652087543966986 1.0460757506271534 0.8801081250285434 -0.6111658665255334 0.942992148830101 1.0271315069018871
0.2313607637770474 2.467559814453125 21984.39212227657 4876.946971843965 0.8249742419480555 18.452545166015625 287.7764056662459 2.395060096294217 2.735139423121632 2.1820696378713933 0.8809644561610446 -0.6549336786066426 0.958972075064748 1.1004387768618644
0.16797766648232937 1.66845703125 21766.249083922434 4245.208652620214 0.7993151776491387 17.19097900390625 187.84529942818722 2.637355088906733 3.0958369165674813 1.4081436392227715 0.9424158672012911 -0.5984685172797215 0.9576107348347684 1.033332499299461
0.15584324253723025 2.574554443359375 36790.460447125515 5939.550838294497 0.7756596051694169 20.386810302734375 298.3987161777755 2.860641185230568 3.364839737193444 2.128527441373137 1.0563929550263644 -0.6136833499487676 0.969398283724345 1.1020681822994145
0.1227786517702043 1.900390625 32929.40434555515 5135.358024135242 0.7658283151163658 19.18115234375 141.57472376352234 2.923184509609909 3.503302687650982 1.5239847098293922 1.05499713886947 -0.5734566293173791 0.9638257700685051 1.0327562988044776
0.06070047477260232 1.267181396484375 124151.85694940967 10099.056458523062 0.7535404273344322 27.438629150390625 191.28394772463395 3.2634643697292214 3.8105744782058335 0.9498620460649931 0.9991287235591929 -0.6030549593217291 0.9771901071419921 1.0500813865329406
0.06694842502474785 1.1553955078125 122732.83736539769 9065.85362520162 0.7221273936354441 25.947998046875 260.71319551868146 3.367894046099273 3.9831034796471414 0.7647300152020762 1.0677219465040697 -0.5975920319518294 0.9793138592599777 1.044164312282406
0.19923469191417098 4.52618408203125 25762.146760912045 6003.697443984829 0.7936168618890114 20.371826171875 237.57553658498 2.658088233304015 3.111729085564256 4.0759944998872015 0.979979235919505 -0.6087530563183817 0.9608275049207117 1.0065249130068528
0.228068676777184 1.3203125 15867.693460255296 4435.992794719528 0.7888014578897462 17.88787841796875 174.3080361871855 2.4877525337451254 2.946203491743115 1.0524055818934812 0.9670653865192756 -0.5581992939868189 0.9392126454101652 1.0836196262849966
0.05795354209840298 1.220947265625 113047.8649536558 8059.542150801255 0.7523331686860574 24.16168212890625 231.8131633626656 3.3484276260089896 3.8823558597229146 0.9056708312127739 0.993358191241212 -0.6140117756960247 0.9802943017519393 1.0974461196589262
0.1858632997609675 1.746337890625 22302.41254434798 4942.394525049036 0.7854197745185586 18.85888671875 161.75695877197722 2.5423925817754363 3.051151160698056 1.4462236272238442 0.9873878932516591 -0.5860009537059463 0.9524929870928914 1.0616432992640157
0.08733582310378551 0.94561767578125 67094.18932506378 7163.537129176988 0.7689732541925606 22.87353515625 213.46771018173604 3.2676333188415123 3.725955792556851 0.6992479039772661 0.9192058173293923 -0.639213186242251 0.981545913292963 1.0699161703638873
0.17209414578974247 1.994598388671875 39056.805291518795 7077.4202082644715 0.7658982063574148 22.589385986328125 295.3542255323082 2.8031316286182135 3.3492879875364023 1.627688333692788 1.0455695127827618 -0.5977666601478885 0.9654003632635875 1.0678915653600909
0.052811937406659126 1.273284912109375 75602.53348339208 6368.604199093825 0.7700779036176951 21.469940185546875 93.76667202029518 3.1458797787483155 3.6377380063221745 0.9848263964350394 0.9675087877468884 -0.5978420282977962 0.9726671862014633 1.0498106667157516
0.27488812478259206 1.030670166015625 10080.403155413062 3153.4477080606484 0.8312585795354934 14.653350830078125 141.78124193431182 2.167191953510978 2.5280498056382195 0.8712824590102741 0.8268871605807011 -0.6143402585029013 0.9376693197179895 1.0494067625397967
0.0619436833076179 1.503814697265625 137537.3154468662 12211.423120961897 0.7082274145097526 30.394012451171875 217.76315323878958 3.2293293206244087 3.89389610883189 1.0385049424185695 1.1115194467541414 -0.546234776634762 0.9671257361996318 1.081389129640621
0.13695209566503763 1.6219482421875 39992.46513433638 6168.466770496743 0.7491058994404516 21.1807861328125 291.5492514177904 2.9886436555155007 3.567383467618669 1.2363458129193532 1.0676296599076993 -0.569220706317257 0.9645291176976604 1.0229186377402384
0.08457052428275347 1.4149169921875 90477.16476179988 8397.932027236993 0.75434528261832 24.83343505859375 246.86478812808878 3.2684155143574802 3.801664838298932 1.0855196953862105 1.0054761427663317 -0.6242986440675794 0.980555057707767 1.0364397711023623
0.14419002272188663 1.336151123046875 35966.733691589536 5593.675421598964 0.7533540038057932 20.070770263671875 208.8414039204618 2.958756082229933 3.538096067928897 0.9896107070822495 1.0478224013571793 -0.592648071602805 0.9692337732013165 1.015472792600747
0.15032211784273386 1.12628173828125 26364.51301456275 5381.576511141146 0.8221595603593811 19.6011962890625 109.8010154670128 2.657232279016155 3.054080178519508 0.9522419171553338 0.8424556673818849 -0.6386463829900112 0.9661005561758551 1.1167346387364478
0.09614803781732917 1.147979736328125 65799.4831766642 7878.185529417955 0.7393535505195298 24.107757568359375 221.86819172334577 3.040619626168457 3.6011177125182185 0.8090803116666052 1.0255258541899244 -0.583282924361835 0.9687125860348094 1.1136811902501094
0.1944545516744256 1.363800048828125 15793.873487627614 3663.5817059304427 0.8002180888942558 15.765960693359375 177.21562335320556 2.413295633507796 2.839594441633604 1.1166657000954388 0.9405613929657107 -0.579297057733399 0.9415238777556002 1.026983210596904
0.051043727435171604 1.153717041015625 123672.89802818613 7096.106491974141 0.7233795497391805 22.875640869140625 195.8158245242899 3.432004399324365 4.050336060687449 0.7692225269057076 1.0591459534713774 -0.5955113607375573 0.9800754045891824 1.0480568957509646
0.2489372743293643 8.13916015625 25976.87656531335 7983.529560274446 0.8208856832394033 23.70703125 260.3463778132573 2.3763721364918955 2.7992609247688094 7.48836649287864 0.9661940899178263 -0.5984748819339061 0.9458732578388502 1.540485883985811
0.33892920473590493 4.622589111328125 12716.633234900562 5350.007372582564 0.8466796457490076 19.017852783203125 199.30447290857688 1.9553819025763552 2.2901798944517613 4.313333367827056 0.820927518014208 -0.6000276056230512 0.9178940694953578 1.1753675801494936
0.04842176893725991 1.160980224609375 161086.9941796777 12887.611836182434 0.7591796659261714 31.350494384765625 112.54521679815167 3.2972656109796725 3.803332835686533 0.8647991981379732 0.973059808602496 -0.6033257340272672 0.9771019045928172 1.040845053008559
0.14227733109146357 1.061126708984375 40482.339305257236 7010.788002080113 0.7787054439669476 22.788238525390625 205.4286864400015 2.8534182073451486 3.323679967597049 0.8172260300212315 0.9386089305631041 -0.60561287305995 0.9665042126094042 1.0564800181721514
0.05483722500503063 1.04766845703125 146162.11620709114 9941.667045950508 0.7713275340307373 27.17828369140625 182.12482118967114 3.3093600175876543 3.8113863618103254 0.7839514877762213 0.9559000844787838 -0.6333615623828986 0.9820733395559013 1.0742729915474865
0.020535018760710955 2.234710693359375 357543.0308440185 13196.531874236709 0.6867803143211999 31.660797119140625 154.1431785088294 3.6328138721680756 4.347095906329094 1.664172440167988 1.108212515674465 -0.5462147573008396 0.9762038899229533 1.050190607429919
0.10586246522143483 0.841094970703125 28392.12550090556 3997.439684947258 0.824639804880387 16.574981689453125 131.78652159587824 2.905227959928018 3.258225364411548 0.6906720578945738 0.8074660966688576 -0.6560242552237218 0.9750668692449632 1.0456713888169913
0.032086766324937344 2.509674072265625 234564.64133718194 9455.030537113329 0.697825199147314 26.710662841796875 186.1614390862988 3.5273059793019503 4.253146280571761 1.9310153767010547 1.1515366109676224 -0.5570168515009912 0.9766806825720331 1.0388318445029274
0.17266291938722134 8.2425537109375 55114.8139449827 9983.741588198287 0.8069047626114741 26.60137939453125 450.1141251911706 2.5766227119061136 3.0525575878786917 7.451078116327153 1.0247395774811576 -0.6129806063647956 0.959916695739159 1.1908252753663755
0.163881441578269 1.990753173828125 28940.980517680593 5155.886648634814 0.7781303508023139 19.101837158203125 221.61627027787023 2.727901688022817 3.265932372103755 1.6425435603687788 1.026928137025312 -0.585660165160383 0.9598786217156979 1.042198940659495
0.24594377866014838 9.6424560546875 19062.48010472996 5706.334940029366 0.800331320324255 19.5533447265625 235.8491041552852 2.3745224948857278 2.8601489375151017 8.807680667858222 1.0473134714668493 -0.5638636218447979 0.9371891257241732 1.1130080966593041
0.15713607519865036 0.782562255859375 21109.209985810867 4773.089358379424 0.7868934644884684 18.636993408203125 116.54343561455886 2.7282936066888737 3.142967415819625 0.5755245358946581 0.8994765382178873 -0.5981522866660476 0.9591376405758958 1.0277247595418393
0.15435464587062597 6.701507568359375 29020.743179153244 5953.891050419948 0.7666827633536988 20.100189208984375 231.6187735854151 2.6575652315234892 3.201188698732652 5.89434458366128 1.1490671911036916 -0.541356279021379 0.9442718941805778 1.0222505369508388
0.035676090978085995 1.058380126953125 202691.0193931785 9014.663878212588 0.7280427063115108 25.880584716796875 194.94524689099768 3.5371489505073574 4.128037530447343 0.701175864952404 1.0310967020298631 -0.6066964289106934 0.9829566659754224 1.0917626324806131
0.06745853275060654 2.285400390625 98843.40505324239 8204.499293463434 0.7303693635914599 24.451904296875 257.438968296603 3.248116159817279 3.871131887871194 1.8169355032898693 1.104951545918383 -0.5757072553095378 0.9731817717616081 1.062155197360869
0.07423770055174828 1.3409423828125 60693.20676168033 5912.635098438888 0.7451799552688302 20.83477783203125 125.62899761799986 3.107143214773872 3.6945822803959576 0.9714545789759086 1.06722109088315 -0.5847731577646107 0.9712453483035677 1.0571528466904256
0.24940459709614515 2.68426513671875 13119.36090537007 4098.80928559498 0.7840002080104542 17.0955810546875 169.3927623400823 2.3957657236839407 2.8821373787744844 2.3025524563875024 1.0195253220068097 -0.5257588478077859 0.9236919602443692 1.0792126542858242
