0.2099044480347281 11.390147783251232 157.41379310344828 258.1802955665025 0.9912109375 0.39459923190221574 330.5615763546798 0.04187455506160342 291.6828645151824 5.401018874586621 818.7477832512316
0.15760253196538881 15.581962563811684 372.09359047078846 331.40839478162223 1.7216796875 0.46373048199407096 114.7952353942144 0.05786804766122144 91.62652390556313 8.079287292600474 367.2495745887691
0.2604172154033885 10.962352941176471 131.56 211.90588235294118 0.830078125 0.39647444601305964 410.84470588235297 0.06657306713216445 327.22512156767004 5.1317985958675685 1237.32
0.21835464078814593 15.552567237163814 88.64547677261614 141.33251833740832 0.798828125 0.3039017943015263 486.39364303178485 0.027285214449782245 386.47404662787477 5.779227077198353 3193.403422982885
0.19549744613566938 22.517150395778366 112.14775725593668 101.36675461741424 0.740234375 0.3749811233493277 689.5910290237467 0.018243858241783283 623.9814456345853 11.582908419541218 3796.4419525065964
0.20734554506697744 13.499056603773585 222.4188679245283 210.07924528301888 1.03515625 0.4557415129777065 549.5962264150943 0.05858558461351215 537.4143527048939 7.011552995804328 707.5547169811321
0.21104421039744223 20.5699558173785 118.24300441826215 99.3917525773196 0.6630859375 0.42135416460639263 850.4653902798233 0.030080689246243686 757.9112728382947 11.173982545785616 4424.561119293078
0.17810269088596686 20.573929961089494 123.5272373540856 154.79377431906616 1.00390625 0.31822241499503434 341.1575875486381 0.022920669284776027 292.70854026705376 7.963823373560501 1604.9377431906614
0.1997537851333618 21.884146341463413 151.7 121.39268292682927 0.80078125 0.4088588612795475 673.1268292682927 0.040141727284687324 650.7658226199267 10.855958790424927 1482.3378048780487
0.24079441602996718 10.826855123674912 96.24852767962308 193.89988221436985 0.8291015625 0.3148875518323724 472.13427561837455 0.049314596206476324 409.5724348196293 3.94115018105674 2107.0282685512366
0.18781010064637343 15.847124824684432 208.3576437587658 242.5890603085554 1.392578125 0.3552270727698658 111.92145862552594 0.03913730825983291 55.65743727503452 6.2241786161101205 826.953716690042
0.1734258404285268 15.608380338436744 212.16357775987106 240.44238517324737 1.2119140625 0.41039486261846675 283.2812248186946 0.03411241926366912 260.9977622082116 7.884746420741297 573.25946817083
0.20091428878632459 16.941761363636363 91.06818181818181 117.17329545454545 0.6875 0.3530975573507724 755.6619318181819 0.03318551250479438 667.4785183993253 7.144286189272345 4328.991477272727
0.2226552548827813 13.604294478527608 141.58691206543966 205.08179959100204 0.955078125 0.3704671873142513 415.36605316973413 0.054295049367019246 351.986049815921 4.638290480955747 2309.325153374233
0.26462133465980997 17.959183673469386 53.87755102040816 69.88163265306123 0.478515625 0.2966583549670759 1375.522448979592 0.02215768658384985 1318.9599903340243 7.407867965203198 3783.0836734693876
0.1556091585021088 18.72866344605475 279.1320450885668 223.6682769726248 1.212890625 0.48380594805065125 273.02737520128824 0.04217303010384626 218.20866308043352 10.97892683924333 1819.7230273752014
0.2853382736679137 15.192913385826772 45.531496062992126 106.7007874015748 0.49609375 0.284224011758909 1066.8543307086613 0.03258425935985535 851.0314498661071 6.471093021935275 9561.38779527559
0.14256152079161571 26.12962962962963 281.3013468013468 169.71548821548822 1.16015625 0.4894674520551709 391.2070707070707 0.03441794873889448 368.02578432230837 14.255827487208148 1331.1936026936028
0.2658485752797266 13.814814814814815 53.23001949317739 96.31384015594541 0.5009765625 0.31340356765616584 1074.3586744639376 0.04061434747647588 768.9216341312401 5.6983399828283074 12522.360623781677
0.2842362942436175 19.95684803001876 61.409005628517825 91.3452157598499 0.5205078125 0.34136537847451615 807.5722326454033 0.04735562546391872 530.8014584768556 9.22607742390225 6079.9193245778615
0.20525197022853325 16.183807439824946 157.94091903719914 149.27789934354485 0.892578125 0.4213600437680916 504.4070021881838 0.05732205138425597 470.60512677950203 7.207212583601091 1014.6958424507659
0.22179702093016426 17.270440251572328 73.25471698113208 108.81761006289308 0.62109375 0.3220409760621617 890.3679245283018 0.021185151436043985 809.1787580094248 7.339920553731324 4658.419811320755
0.19698018478832657 17.07673860911271 269.90887290167865 133.99040767386091 0.814453125 0.588301418980515 738.5659472422062 0.05387058532495293 719.2733913577146 11.55147405491817 1292.2757793764988
0.30937694131511534 17.4 34.68767123287671 56.726027397260275 0.3564453125 0.2578133414163372 1988.0602739726028 0.018506507350973887 1916.531828935179 6.317914946590533 5261.45205479452
0.1534785949432098 26.548648648648648 184.4108108108108 154.03783783783783 1.083984375 0.40724327270242305 350.07027027027027 0.02247186007800403 303.120132528769 14.780755029659826 2096.23963963964
0.23751015297687836 18.740875912408757 65.12408759124088 84.44525547445255 0.53515625 0.30346221599640133 1242.7226277372263 0.02291601504722651 1224.7839024676023 7.293789424024105 1600.9306569343066
0.14360367129201845 21.455156950672645 282.81763826606874 221.6831091180867 1.306640625 0.47183595832820496 195.77428998505232 0.033616073106614644 136.78663115223426 12.191484818227861 1743.2989536621824
0.22766379457179123 18.365853658536587 68.53170731707317 93.3609756097561 0.6005859375 0.3039656967220911 1003.4113821138211 0.022181510149947996 973.7406166634909 7.311870385425561 1652.289430894309
0.1484173006579203 21.93367722918202 183.90493736182756 229.002947678703 1.3251953125 0.3511143059990883 109.12011790714813 0.03183673178350214 51.138344345148994 9.438277479717128 1254.3994104642593
0.26743902576585116 20.21032504780115 50.01338432122371 90.12045889101339 0.5107421875 0.29860520359331494 982.8030592734226 0.03005776373423764 774.8331873293816 8.520172945785124 8765.95793499044
0.34316154404035126 12.503916449086162 101.60574412532637 73.25065274151436 0.3740234375 0.5282813554688043 1785.9582245430809 0.09407852632881145 933.9187456135961 7.063564454510943 40159.368146214096
0.25469208310862057 17.208196721311474 75.34426229508196 127.05245901639344 0.595703125 0.35122576440354336 819.672131147541 0.045973110980674865 641.6968076612129 8.216359427613568 7664.519672131148
0.2623480619843473 14.494845360824742 77.64948453608247 103.62542955326461 0.568359375 0.36124452332791707 1055.5463917525774 0.04949882554844073 990.4616177483523 6.531720636035876 1886.6941580756013
0.31133185250418527 5.855714285714286 73.74857142857142 248.90571428571428 0.68359375 0.31297822906504735 623.2114285714285 0.05740173884800502 559.6796252877372 2.2619141738052715 1042.8785714285714
0.22389799850996925 14.928675400291121 71.78893740902474 125.6259097525473 0.6708984375 0.3059872110739595 674.4483260553129 0.024051936953348885 540.1283071370798 6.387219964123567 4624.248908296943
0.1960615757170581 19.277469478357382 147.56159822419534 140.16759156492785 0.8798828125 0.39097458515353717 561.2519422863485 0.031479095645273694 537.2628181618405 9.851430405608948 998.5360710321864
0.1890482547854589 14.563636363636364 200.94876033057852 240.6297520661157 1.181640625 0.4058953659543416 223.8214876033058 0.035494211291478686 151.21772430672132 7.336999486444022 1644.7338842975207
0.16859594356334515 23.518664047151276 124.76227897838899 149.38310412573674 0.994140625 0.3210491988025601 377.3104125736739 0.015883181558845084 349.2515582850968 10.11981452140586 977.6925343811395
0.19336834045396842 15.471204188481675 181.5479930191972 231.8062827225131 1.119140625 0.39976054635481995 243.34904013961605 0.03713546872763109 190.30560049752705 7.255985913091061 1560.0593368237348
0.14701342727198746 24.965367965367964 163.9904761904762 182.2969696969697 1.1279296875 0.3631450091465603 309.0251082251082 0.02429767707725624 284.2063012589624 11.413451653274025 878.191341991342
0.29120770998071444 12.147523709167546 127.84931506849315 174.71127502634351 0.9267578125 0.35369051564838433 359.0558482613277 0.0724381365439412 313.30740809867706 5.646324380232688 651.6006322444679
0.20576730651171218 22.7847533632287 111.85799701046338 96.31240657698056 0.6533203125 0.4019294633400962 967.3333333333334 0.020239516402217484 955.7752509010212 12.843656809434906 1160.7877428998506
0.19701896014828696 15.316559926806953 160.90484903934126 190.47483989021043 1.0673828125 0.3699481231817628 318.93504117108876 0.03569638390990429 291.5985286395046 6.972407182310269 774.5727355901189
0.21855812965274063 16.9896013864818 72.84402079722703 94.55632582322357 0.5634765625 0.33669383222993526 1125.2894280762564 0.025805451427836558 1093.8428758062564 7.350151802707054 1686.528596187175
0.19979869552523072 14.804093567251462 128.25925925925927 201.0896686159844 1.001953125 0.3352518428335202 232.82651072124756 0.026486213211892408 114.94029268558495 6.372386163888956 3286.823586744639
0.18664340784468583 17.681668496158068 93.09879253567509 175.85400658616905 0.8896484375 0.2957506152639819 355.1350164654226 0.02198805636291839 279.4075730760325 6.923917099912446 1960.0965971459934
0.1745404575594622 14.351243781094528 137.33034825870647 216.09651741293533 0.9814453125 0.361611901938021 236.1134328358209 0.03574613575911641 93.58004068403102 6.19886474967216 2024.4
0.09846141420561692 24.65329153605016 292.79937304075236 353.4576802507837 1.5576171875 0.4244360234020358 88.93918495297805 0.02533913256606338 20.58474454969448 11.39125214398059 1821.4990595611284
0.20164501529367637 16.55311778290993 106.71824480369516 145.09699769053117 0.845703125 0.3326866766026368 497.1547344110854 0.031957447941804315 464.8120133045364 6.75783959853621 1152.527713625866
0.18130566571209883 23.06810810810811 199.86486486486487 127.43675675675675 0.9033203125 0.46855249426320567 589.8962162162162 0.037288004900958086 573.0366390908731 12.876809568973998 901.8378378378378
0.1701043639520202 21.022038567493112 160.55371900826447 158.40312213039485 1.0634765625 0.3648960938337727 373.86409550045914 0.024530884538690796 350.6532515708846 9.845623823721612 774.0348943985308
0.17880656031402548 19.11772315653299 112.89909443725743 123.92108667529108 0.7548828125 0.36731983917729705 764.8098318240621 0.028114663675562375 723.0029186727467 8.411585544035328 2455.896507115136
0.16740575210372013 17.394589552238806 166.4160447761194 179.1847014925373 1.046875 0.38243524920925215 373.2350746268657 0.04851781254384055 312.8026413988711 7.162552957364145 1999.3274253731342
0.15991768369913645 22.828018223234626 195.89521640091115 126.2255125284738 0.857421875 0.48756084528152754 574.0774487471526 0.03345101297852118 512.1852665164747 13.58353994604146 1790.5899772209568
0.23446728626751615 17.780238500851787 59.477001703577514 88.55025553662692 0.5732421875 0.25161620995116674 1015.4991482112437 0.019908421287341663 981.9449616778243 5.430928649727123 2148.475298126065
0.19542900605213323 18.907542579075425 180.8175182481752 129.25547445255475 0.802734375 0.4816425275959879 604.043795620438 0.04908885456929822 548.0052840889515 12.231023765392125 1157.7189781021898
0.2794538736343384 17.05787037037037 42.76851851851852 65.37037037037037 0.421875 0.2831114940397499 1657.7962962962963 0.024507692566624394 1623.2261508305867 6.455209572159152 2310.474537037037
0.19213383935492134 12.834977578475335 183.90941704035873 266.57847533632287 1.0888671875 0.4011226256225363 351.1605381165919 0.040750678879263154 332.58545102517166 5.966234290621703 607.2878923766816
0.20308929461020012 19.806712962962962 150.6412037037037 123.82870370370371 0.84375 0.4223676843893608 548.5277777777778 0.03506360837706813 516.276088114138 10.13164311420161 1121.349537037037
0.15760561175569948 16.929285165257493 237.53651037663334 251.29515757109917 1.2705078125 0.4151306745277251 276.85165257494236 0.038393872779300814 251.88390888093895 7.961084892417624 575.6487317448117
0.1495461976517399 19.411020776874434 235.1156278229449 204.17795844625113 1.0810546875 0.4732504407505789 295.9873532068654 0.03366469216971324 217.77918326800864 11.14272780128685 2767.787714543812
0.25329309506202813 15.607462686567164 84.29850746268657 116.21492537313434 0.654296875 0.34323648385157973 805.2686567164179 0.054891635588745574 754.4941274614476 6.34243323276527 1231.35223880597
0.20636298650995308 13.057339449541285 164.9954128440367 200.4816513761468 0.8515625 0.4470089896129122 411.2545871559633 0.05185183335881714 301.32091936933887 6.187048455932592 2969.353211009174
0.272401787340641 12.692708333333334 87.64583333333333 106.03125 0.5625 0.39351835023324433 1092.2847222222222 0.05817902750439114 1061.872798734241 6.100001135876432 1528.970486111111
0.19293685517179857 16.93922018348624 122.84633027522936 149.99311926605503 0.8515625 0.37121511527732204 512.7775229357799 0.030614344351882233 453.48370917783967 7.877865282977377 2264.1146788990827
0.26767793009358065 13.206093189964157 44.84587813620072 109.08960573476702 0.544921875 0.24202637686394937 949.3297491039426 0.0197681983311971 759.669920398343 4.900001456595999 6782.139784946236
0.27348752532686504 16.307142857142857 238.21190476190475 167.92857142857142 0.8203125 0.5517785000809454 518.6404761904762 0.08432730493091402 442.5381331670852 13.506474522460104 2018.0916666666667
0.1937308410369673 15.043668122270743 113.15720524017468 167.43231441048036 0.89453125 0.33887209563453835 392.1244541484716 0.03674325802440727 291.4233204537604 5.9157214880862545 2365.102620087336
0.22917942018467982 13.468884120171674 126.26609442060087 167.1695278969957 0.91015625 0.3641624817272101 361.88197424892707 0.04194172308680326 265.32095084783856 6.108887832789842 2535.1995708154504
0.15740682980472495 18.255992329817833 132.73537871524448 173.32406519654842 1.0185546875 0.3359037713503308 331.5973154362416 0.039490559414272 261.4142714707986 6.572954190783499 2024.4036433365293
0.20680346446165654 14.69790628115653 140.4456630109671 179.56031904287138 0.9794921875 0.36450496802668353 340.19940179461616 0.05009200708459643 275.4152552717823 5.838704728292014 1532.0029910269193
0.15721973840971049 17.64481409001957 137.90606653620353 174.18590998043052 0.998046875 0.34711105876395115 381.92367906066534 0.03813137840151554 320.1948424934641 6.811815114478337 1941.6702544031311
0.18717578751089328 14.045739910313902 162.86547085201795 217.1811659192825 1.0888671875 0.3721531774514071 288.35336322869955 0.04352050362146489 242.9412178894864 6.05275606354602 792.4044843049327
0.10233711897579949 22.218671679197996 331.5513784461153 295.1077694235589 1.55859375 0.45641264765633915 176.27443609022558 0.031390984255568424 147.13590420218637 11.27886649884358 742.9298245614035
0.23953458064119978 15.602968460111317 60.03896103896104 88.61410018552876 0.5263671875 0.3124557250204971 1272.78293135436 0.03578680808999764 1236.1709466201698 5.850952123551525 1965.1224489795918
0.14681534237331814 18.31578947368421 317.812865497076 390.3076023391813 1.669921875 0.43208047269383304 62.97543859649123 0.034102917275233575 27.373350123355262 9.632600083210702 805.5280701754386
0.21351682453797513 14.977198697068404 152.37242128121608 154.83496199782846 0.8994140625 0.4058023173912556 453.59609120521174 0.04049121233332299 407.6274944226724 7.841743044369125 767.4093376764387
0.1500685593466211 19.207022677395756 278.1016825164594 267.3540599853694 1.3349609375 0.4566913362647366 223.39722019019752 0.028594783037879122 171.45535209114394 11.07326141907396 1972.7556693489394
0.2759571074321866 7.265 107.03 246.3125 0.78125 0.3675648369930786 364.84 0.0738742208853364 211.38665336608886 3.1881377351487754 1804.13125
0.16258706188123154 16.76548307184145 175.91990090834022 241.26259289843105 1.1826171875 0.3733983288405613 205.87778695293147 0.03067508913287439 164.37522453478206 7.4998601565214855 847.4087530966144
0.1995006492023262 15.794896957801766 154.54268891069677 168.70951913640823 0.9951171875 0.387413870735501 364.7772325809617 0.03487155669102842 310.90071703430715 7.768619371528886 892.3738959764474
0.1900979370630088 15.797385620915033 224.76470588235293 193.75443510737628 1.0458984375 0.4708778837522182 297.0401493930906 0.04219374402898366 247.7410665845114 9.470286380403785 878.4136321195144
0.19649018497192886 14.942505133470226 148.92402464065708 171.21149897330596 0.951171875 0.38571721757221294 404.3100616016427 0.04237210530275192 341.7047205930863 7.302045772999048 1037.8983572895277
0.236855036879893 14.133492252681764 161.77711561382597 142.61620977353994 0.8193359375 0.43779496019757125 657.4731823599524 0.05209205318264512 642.645410621834 7.218541249142874 958.3694874851013
0.24398682973323724 15.290064102564102 64.375 103.93589743589743 0.609375 0.3001688874362047 846.4551282051282 0.0380936201948386 728.5996028949053 5.45486213817278 3207.8205128205127
0.1700506647948855 15.761025029797377 325.86174016686533 301.87485101311086 1.638671875 0.43708668086948954 98.69964243146603 0.04816258195188247 78.44221491125968 7.4556333188829935 401.6984505363528
0.26061613468830186 14.093841642228739 76.06451612903226 118.58651026392963 0.666015625 0.32155393638616814 669.4604105571848 0.03323474028243347 598.3425489856351 7.023614747873703 2196.617302052786
0.36925876428792764 10.493406593406593 113.12527472527472 189.23296703296703 0.888671875 0.32797431065096483 394.33846153846156 0.11136182245317396 339.87393637856286 3.6752112916409603 761.954945054945
0.1973757857852874 13.303159692570453 170.7540563620837 259.73441502988896 1.1435546875 0.3782400036119885 215.49103330486764 0.04217375597314484 176.62128363136142 6.002178634972789 732.8232280102477
0.24746115939638338 12.637709772951629 141.54294175715697 189.1974333662389 0.9892578125 0.35800610584897297 301.48075024679173 0.05722199399520708 199.06447327925446 5.561647392490197 805.0424481737414
0.2012483603075931 15.596052631578948 103.72631578947369 129.68421052631578 0.7421875 0.37136694299075124 528.7684210526315 0.04547229754297357 402.8715382224635 6.805382699705201 1681.3539473684211
0.2880115632012666 7.625 82.99698795180723 204.44578313253012 0.6484375 0.3579542737493887 489.68674698795184 0.0592696855226195 195.3049465087523 3.3074564600609 2606.865963855422
0.15879391618208452 18.944 320.0792727272727 215.43345454545454 1.3427734375 0.49488825283359356 217.13018181818182 0.041910448247736154 183.80161778675426 11.519276047416952 608.9287272727273
0.14440891748507237 18.369221411192214 283.5997566909976 319.81995133819953 1.60546875 0.41001766087155445 70.29440389294403 0.03992582759717955 23.801852112558926 8.77252348573768 930.1970802919708
0.24826122809027173 13.524483133841132 142.31229597388466 162.1969532100109 0.8974609375 0.39387161914769603 394.47007616974975 0.057339830938179424 297.03681781424274 6.938690839159021 880.3112078346028
0.16162894924123136 14.748154224774405 171.10992616899097 260.78999179655455 1.1904296875 0.36783300091946697 140.80557834290403 0.038574858314194965 36.71573380430377 6.6536670366254 1943.7850697292863
0.1749709888066752 11.94910941475827 176.80152671755727 338.0008481764207 1.1513671875 0.38839768950501674 178.1492790500424 0.04057107141606377 117.66091600568544 5.4029601151264846 1201.1721798134013
0.19232941326470943 15.1240376390077 178.20615911035074 210.69033361847733 1.1416015625 0.3736608780942937 262.8075278015398 0.034918643145402134 236.60571090659084 7.0326769001657405 519.9597946963216
0.19676382933990866 11.735327963176065 116.24971231300346 211.77330264672037 0.8486328125 0.3658508068163007 382.9344073647871 0.04580047846663533 264.2366364087279 5.19550033757639 2685.0506329113923
0.23579354788361592 13.80242311276794 162.31780055917986 188.42590866728798 1.0478515625 0.37647952100189136 305.0959925442684 0.05451264119214914 250.73490321291794 6.6013081763737675 614.4510717614166
0.17144575268810333 20.060732984293193 151.94659685863874 143.81675392670158 0.9326171875 0.3986661453265697 449.07225130890055 0.03334664849086582 389.185206899593 10.21988295817864 1988.5612565445026
0.18159726947995286 11.58894472361809 134.89145728643217 271.0 0.9716796875 0.36407518124144383 228.05226130653267 0.04219908858064431 109.58879983413159 5.032507669332147 1734.8
0.3505551407211705 7.9757085020242915 44.40890688259109 113.59514170040485 0.482421875 0.28999656150440367 1121.1457489878542 0.05523198818870884 1031.9176898909966 2.7720878254192143 1651.6538461538462
0.15115719991372834 24.47340425531915 222.4095744680851 182.61879432624113 1.1015625 0.43810134307474485 411.677304964539 0.022418640184064285 399.9577037189024 12.868078307629904 685.6693262411347
0.251323039549634 15.723308270676691 107.86917293233083 103.9593984962406 0.6494140625 0.3897609116646104 952.5503759398496 0.041270561505081065 942.4770362337729 7.578447880723717 1101.3082706766918
0.15392585168899564 18.33804143126177 168.48399246704332 176.53483992467042 1.037109375 0.3903023771963147 316.99435028248587 0.04216123615056557 221.67542138970728 8.346883324658286 1352.2645951035781
0.17150659850149444 22.66181818181818 162.4060606060606 124.53212121212121 0.8056640625 0.43602258875191735 789.6048484848485 0.03350678472807913 756.9595060591264 10.968122200901165 2368.230303030303
0.1704698836625512 20.113805970149254 165.42537313432837 165.34701492537314 1.046875 0.37355624165099893 408.68470149253733 0.02400166419015002 391.4442711018804 9.395581343200666 706.2304104477612
0.3045653938629467 12.694300518134716 36.22279792746114 69.26943005181347 0.376953125 0.28816194179746984 1721.5077720207255 0.03244480830400101 1632.0878411129966 5.075886633351639 3319.484455958549
0.23258160726696836 13.66299019607843 102.83088235294117 143.05392156862746 0.796875 0.33178919472676155 597.3946078431372 0.04079669041960847 558.5971103743011 5.140003253219986 1926.6188725490197
0.22266083034698322 23.80639431616341 89.00710479573712 80.41740674955595 0.5498046875 0.39292267017977794 1071.4955595026643 0.020035360465041275 821.109259759554 12.700153635892585 14370.163410301953
0.2783972183227539 12.5648 95.5056 118.216 0.6103515625 0.3934144920987543 900.1472 0.05817600479125976 863.8123650390625 5.781362310661608 1445.7488
0.11368558843321908 19.291028446389497 235.4288840262582 273.0510576221736 1.3388671875 0.41430127252659876 135.05032822757113 0.02880316107573951 52.149815443221186 9.306671256563245 1154.1181619256017
0.1225440975001076 24.85362014690451 326.45435466946486 371.5362014690451 1.861328125 0.39200383811239764 53.03462749213011 0.019368458894967782 28.157595783565878 11.78788253420744 637.9942287513117
0.2801949532294706 8.502092050209205 83.35146443514644 185.08926080892607 0.7001953125 0.34097896772820385 468.7726638772664 0.04180801313791315 342.1228720054467 4.147224783087039 1542.534170153417
0.1774425499170207 13.834241245136187 182.10817120622568 292.4941634241245 1.2548828125 0.37294990743563877 109.66692607003891 0.03422315148527984 67.92185281835178 5.987433223104297 675.5151750972763
0.1452493677139282 13.972 124.424 214.016 0.9765625 0.34442263343390367 254.918 0.048076292276382444 49.75203713989258 5.259221803911845 2803.565
0.19565376395871917 12.759493670886076 117.89528193325661 181.77790563866515 0.8486328125 0.36576976879820766 401.77445339470654 0.0436532354738962 307.9923785421461 5.842672727268531 2239.1714614499424
0.12346031097080139 16.009324009324008 199.6930846930847 255.1787101787102 1.2568359375 0.39482013317950154 117.74980574980574 0.04531805850594379 19.709964328342014 6.56972876518875 1282.894327894328
0.18768027040970886 18.536125654450263 180.87225130890053 144.39267015706807 0.9326171875 0.441694178260666 515.9267015706806 0.03840460652456234 484.46001765865304 10.071622708169695 1393.9350785340314
0.27213396021449604 12.194362017804155 121.36498516320475 125.11275964391692 0.658203125 0.43219470650356473 888.6142433234421 0.05818448682213396 871.1576197819469 6.787179632264423 1066.1706231454007
0.21117429280173186 14.886877828054299 118.77375565610859 159.70135746606334 0.86328125 0.3499070400529947 458.0972850678733 0.03013663405206948 413.7307985400722 6.1575305639249 1423.7997737556561
0.19644224805796545 18.489493201483313 144.938195302843 123.39060568603213 0.7900390625 0.42755120741855834 734.4474660074166 0.04733351164017384 703.3258587774741 9.154526493002534 1189.5587144622991
0.17676711016778446 15.957759412304867 188.55004591368228 202.09458218549128 1.0634765625 0.4188675669706232 335.4471992653811 0.041998851397805965 281.7404552000832 7.497776074205308 2047.9439853076217
0.21298637708028156 15.492222222222223 148.71777777777777 149.61777777777777 0.87890625 0.41131315336245783 445.4244444444444 0.04810942702823215 310.4541141764323 8.410707829226117 2520.717777777778
0.15867546417543912 14.360210341805434 171.93251533742333 256.00964066608236 1.1142578125 0.3841080883424938 236.24014022787028 0.03480012201615115 155.1799662503937 6.691650448383388 1428.0438212094655
0.1771902658330371 23.86556359875905 273.7197518097208 135.01654601861426 0.9443359375 0.5502996046722767 594.688728024819 0.03751448145080377 566.6386810586765 16.093393548622934 1901.2150982419855
0.13750118060703695 22.36009732360097 255.61313868613138 296.86739659367396 1.60546875 0.3835067435810811 66.08637469586375 0.03680001326140986 23.489221224819655 10.47743961097471 1139.9519464720195
0.3151043022683063 13.41036717062635 57.33261339092873 78.56371490280777 0.4521484375 0.340308580068018 1328.0647948164146 0.041373020886859936 1227.6584262724314 6.317653740535955 1962.317494600432
0.6274550481540401 7.46829268292683 15.360975609756098 79.30243902439024 0.2001953125 0.2058179903542623 3599.160975609756 0.09002095300976823 3244.3394969661063 2.536376743025442 16924.48780487805
0.19720780297680743 17.821313240043057 157.740581270183 140.6103336921421 0.9072265625 0.4103166445203644 499.6189451022605 0.04679550318723089 458.19959764100764 8.436728778829826 2072.4025834230356
0.31135164672114146 10.929368029739777 53.2453531598513 117.75836431226766 0.525390625 0.300748082458633 989.5092936802974 0.06525906554828347 814.5650756438869 4.158488170712436 5127.105947955391
0.1520170716678395 26.708235294117646 140.38588235294117 114.97647058823529 0.830078125 0.3964957107760197 661.435294117647 0.029560314066269817 628.0152332799574 11.773570666040117 1619.2023529411765
0.1695894319340049 13.644747393744987 217.71531676022454 261.6672012830794 1.2177734375 0.4157408249929305 250.5260625501203 0.051725475904744626 207.7232176070225 6.564664167102853 856.4410585404972
0.2309905570876262 17.227272727272727 86.75235109717869 94.45141065830721 0.623046875 0.34426230016162157 961.9529780564263 0.03227165462828729 892.90652461037 7.519409094670205 4576.41065830721
0.3499685753990152 7.072625698324022 45.37616387337058 137.72625698324023 0.5244140625 0.27674231770536944 852.4506517690875 0.04988770267372913 640.0490707312216 2.7511610554845993 1796.4096834264433
0.2596904249411452 11.927095990279465 132.62818955042528 164.5285540704739 0.8037109375 0.40484309795135837 571.5479951397327 0.054291475731721044 541.1078240544075 6.109818332632758 882.9878493317133
0.1099113062409236 24.12127236580517 218.00861497680583 312.00331345261765 1.4736328125 0.35679292560265274 99.08283631544069 0.018970881336330972 64.8456236458204 10.326876001489877 944.0351225977469
0.21407501234870988 12.870937790157846 195.4103992571959 216.42432683379758 1.0517578125 0.42993931781179057 368.2896935933148 0.0583191050792471 333.3625022441896 6.556097707075997 767.0696378830083
0.13926013786635713 25.968562874251496 290.6167664670659 204.13622754491018 1.3046875 0.4719744698383644 295.71407185628743 0.026117718148374273 279.4019036321583 14.628996578047216 639.0546407185628
0.2091146021902203 13.802605210420841 188.3066132264529 190.80160320641284 0.974609375 0.44210864027635416 371.7134268537074 0.060757239978155776 287.52329806096566 6.614807917610417 3004.012024048096
0.24659659959231314 15.71957671957672 72.92592592592592 91.57142857142857 0.5537109375 0.33628636600434897 1126.9488536155202 0.028668689559586676 1103.9670326192543 6.978557561119326 1754.5767195767196
0.24769467187796526 16.176788124156545 135.59649122807016 112.83265856950068 0.7236328125 0.42779145648413863 763.438596491228 0.054697544790311706 747.8859594553588 8.178969983224352 1054.9028340080972
0.21163678502703046 20.036713286713287 60.56993006993007 79.85664335664336 0.55859375 0.29761000364635254 1137.8426573426573 0.02220683331256146 1082.7153489439638 7.796432843316343 2834.555944055944
0.23990577556341078 14.22242314647378 62.920433996383366 97.40867992766727 0.5400390625 0.33164715038816267 1012.9222423146474 0.044776194781118876 856.4126839663625 6.0498514134271275 2511.23869801085
0.18139849071757522 17.397738951695786 130.0154162384378 160.0503597122302 0.9501953125 0.34750828337586287 433.55395683453236 0.032336378636610104 393.00907174999395 7.195506236099893 1028.7790339157245
0.2175078758386289 14.938775510204081 95.12725090036014 145.14885954381754 0.8134765625 0.31215405444007566 505.02280912364944 0.026950472400111166 410.6585286336214 6.286973151893101 1401.0192076830733
0.15892554952903862 19.531274742676167 191.83768804433888 223.76959619952495 1.2333984375 0.3783781572562669 230.12826603325416 0.02743488592659776 194.73239824381125 8.741845214583012 882.7022961203484
0.20213761579010758 15.43436499466382 202.56243329775882 161.37993596584846 0.9150390625 0.4701352244055854 641.6542155816436 0.0491050376199989 625.3100133222093 8.796547642219569 812.6254002134472
0.16075131823345953 17.91215616681455 155.09228039041705 196.85803016858918 1.1005859375 0.36244873295254526 237.90771960958295 0.029292860598086043 186.32966669280654 7.768314205612302 1182.271517302573
0.21834985597837017 14.576628352490422 249.0344827586207 177.43869731800766 1.01953125 0.49413063203782503 430.5095785440613 0.06525441604555796 391.58403544225 7.644481368193515 674.9224137931035
0.1658418333468106 20.516056758775207 276.5982076176251 200.52352501867065 1.3076171875 0.46355996885894407 214.07468259895444 0.03715071987981134 165.24017452499243 12.38246737440236 1611.150858849888
0.23274694131446008 11.19378238341969 130.4860103626943 228.22072538860104 0.9423828125 0.36841458817630274 231.00518134715026 0.06350326093367345 106.6104933980833 4.688263152608644 1457.7564766839378
0.6061067764135859 4.94484412470024 40.46762589928058 171.13429256594725 0.4072265625 0.3076968623478565 1323.2470023980816 0.16317974048838627 1089.5992448472862 1.9811968816503183 8236.611510791367
0.3021746095858122 15.298684210526316 138.92631578947368 119.55263157894737 0.7421875 0.42284117614967964 693.6578947368421 0.07205367276543065 684.284117929559 8.610102677963425 806.921052631579
0.5219295125896648 5.4331450094161955 62.472693032015066 192.03201506591338 0.5185546875 0.3411038805616199 935.4726930320151 0.16387202665069459 770.4313267422261 1.9836863098335735 5354.045197740113
0.161299262363344 17.11420413990007 281.745182012848 234.53319057815847 1.3681640625 0.4457974951318239 282.5838686652391 0.04373434558244878 261.5390204158023 8.964830605913134 529.7651677373304
0.1948419164812736 14.776076555023923 157.88803827751195 203.54162679425838 1.0205078125 0.37897930744714153 349.5866028708134 0.03301899079500773 320.26094883092856 7.1365534664356245 626.5291866028708
0.22205277813805474 14.815555555555555 161.51555555555555 156.27555555555554 0.87890625 0.4237489661360693 520.2888888888889 0.04110397948159112 488.68329366048175 7.800886334379312 852.1855555555555
0.19275949780998672 13.804416403785488 138.3774973711882 183.84752891692955 0.9287109375 0.3727461974141642 425.84437434279704 0.05261357299411585 368.77277335759595 5.865608148357828 1066.3364879074659
0.13458498264926902 23.252267573696145 360.20975056689343 380.3616780045351 1.72265625 0.4466455522051134 108.64739229024943 0.025417735517160152 93.50140121356159 12.33730336849956 531.8854875283447
0.17163077562456427 15.19452313503305 157.50047214353162 217.62322946175638 1.0341796875 0.3757739628261598 345.2936732766761 0.034900638717204696 290.37097957564254 6.906954644727952 888.3682719546742
0.23420266229859127 13.717520858164482 114.94040524433849 163.58641239570917 0.8193359375 0.371203027245847 418.33849821215733 0.04290969522405722 338.13121365534676 6.711793122757777 1288.49821215733
0.2408346758847897 20.504743833017077 48.29032258064516 78.11574952561669 0.5146484375 0.2590591463123559 1219.2561669829222 0.015356769597960151 1132.58538829941 7.946862501886743 5706.719165085389
0.22507552933274655 11.727554179566564 175.76367389060889 224.08771929824562 0.9462890625 0.4217119981746435 553.5644994840042 0.061796982714020184 535.853095528019 5.526789204983399 848.9164086687307
0.24943620604832084 11.78442280945758 88.65229485396384 147.06675938803895 0.7021484375 0.34992300297654744 582.6425591098748 0.03962403312014605 471.4967420044794 5.1771420809116675 4205.223922114047
0.1797524592410382 15.935379644588044 234.67689822294022 246.19709208400647 1.208984375 0.4272532891611413 316.09854604200325 0.03696215364582511 305.3078756748378 8.371806209609655 462.9935379644588
0.1716292345281492 20.439496611810263 163.18005808325267 180.07066795740562 1.0087890625 0.38656877665150513 410.74927395934174 0.022156543676296946 375.2343124286249 10.098432738604524 1722.2381413359149
0.21335115978996622 15.779236276849643 143.0835322195704 153.054892601432 0.818359375 0.4073108333356202 670.5369928400954 0.03266817231735922 655.6756517141702 8.71075411088886 828.8603818615752
0.1895649825470357 17.04284323271665 199.15774099318404 171.5744888023369 1.0029296875 0.4423488709435687 396.7400194741967 0.042209661923922025 367.15006066668695 9.181011063334001 655.5189873417721
0.16831547084130905 17.59259259259259 240.95441595441596 193.82431149097815 1.0283203125 0.4858883356002552 547.644824311491 0.04430394204367034 532.8404334956764 10.27874111459287 725.6400759734094
0.22929736728399572 13.69718309859155 108.02535211267606 127.16056338028169 0.693359375 0.3918711715956767 779.6 0.04241817669129708 703.8532233439701 7.069085905430236 1461.2971830985916
0.4292702026294109 10.371647509578544 87.40613026819923 117.37931034482759 0.509765625 0.40702800747271184 1352.639846743295 0.1297332482319682 1337.8770687644053 5.41780037492137 1462.83908045977
0.14659263130352576 15.144050104384133 201.88796102992345 324.10229645093943 1.4033203125 0.3670208306295761 73.0062630480167 0.037184481663926246 22.916866082156293 6.7107130363607865 627.4565066109951
0.2925414647347931 13.327014218009479 85.35071090047393 105.7867298578199 0.6181640625 0.35598677201932655 821.5766192733017 0.05237903941487437 719.9121574896019 5.7739556229405595 1367.4612954186414
0.19915736453575 14.618421052631579 133.42105263157896 170.734649122807 0.890625 0.3805965780111524 450.1074561403509 0.043995702214408336 376.13542054828844 6.651045669747123 3322.910087719298
0.2141947831875923 14.555438225976769 150.37064413938754 161.28722280887013 0.9248046875 0.3858274088246369 484.14361140443503 0.049893184599428264 433.2665743963771 6.460807817031045 922.6082365364308
0.17699008360612928 12.978292329956584 250.19681620839364 342.09406657018815 1.349609375 0.4296357716223449 164.24167872648337 0.04859897714275355 131.01801526391213 6.5552433637158165 526.2033285094067
0.2018613064730609 17.11111111111111 184.4925925925926 166.36111111111111 1.0546875 0.407598239124302 360.4888888888889 0.037433442804548474 341.16966114750613 8.329850064283285 576.4361111111111
0.23826050758361816 12.3275 106.6975 164.54 0.78125 0.3524206022468934 623.4 0.04880603760480881 577.863427772522 5.172205181771715 1036.4125
0.2175823338123975 14.089318600368324 164.31491712707182 201.11049723756906 1.060546875 0.38486469159190506 259.1399631675875 0.040179044063139574 194.11525353981426 7.206343597433735 877.0865561694291
0.20951621067702703 18.88235294117647 110.6562860438293 131.63667820069205 0.8466796875 0.33786232782731196 494.2237600922722 0.026060849600047252 387.02348934820367 8.904384460877761 2213.266435986159
0.2117749292357293 12.30886558627264 157.0705433746425 224.29837940896093 1.0244140625 0.3855383384733474 280.2650142993327 0.053347846459387824 221.75634742351346 5.314508047899816 1144.2716873212582
0.15982342815311756 16.812098991750688 170.961503208066 219.0403299725023 1.0654296875 0.3917427959702507 361.3987167736022 0.028392741922715955 311.74751827194535 7.759383406847003 1781.9633363886344
0.20143771620645914 12.30736301369863 214.02397260273972 258.32876712328766 1.140625 0.4309688869200303 314.3767123287671 0.06346549359086441 261.0894735153407 5.9003131373036775 704.8030821917808
0.20497398422040677 13.763440860215054 119.0836320191159 155.19354838709677 0.8173828125 0.3738978412373686 527.5412186379929 0.04151830678914752 456.20836155388946 6.374000285605834 1181.2389486260454
0.2924450724344225 13.617210682492582 94.07715133531157 111.37685459940653 0.658203125 0.36595686297105556 731.3175074183977 0.054351796382258837 707.1495136294945 7.247788929947829 897.7715133531158
0.2434220533093486 16.19601837672282 129.65237366003063 101.54823889739663 0.6376953125 0.4434539888222248 1046.738131699847 0.04177402756298118 1038.7523865634048 8.944504591849714 1180.061255742726
0.2550443631298137 15.827672955974842 98.24528301886792 123.90566037735849 0.7763671875 0.32752904082075895 520.903144654088 0.04278864620616601 477.8933643269089 6.226934381965153 868.8993710691824
0.21043197725165144 10.977502812148481 107.6029246344207 229.87514060742407 0.8681640625 0.3436394929597445 292.2857142857143 0.037042983203154176 151.8723988999666 4.79206845749214 2202.6501687289087
0.20470826194240255 16.139718804920914 169.47978910369068 184.1476274165202 1.111328125 0.3785681357435231 221.6731107205624 0.04487466351219137 175.56224754615073 7.183816351452769 626.9428822495606
0.28017237744432816 8.279432624113475 79.61276595744681 181.82553191489362 0.6884765625 0.3334788222176643 483.8099290780142 0.050324779537552634 268.45515292553193 3.698988877099353 2374.1475177304965
0.21920166402012384 12.048802946593002 170.57642725598527 225.04788213627992 1.060546875 0.38910537685240454 368.3425414364641 0.0499295591210353 342.4331759458089 5.577308463950684 589.0395948434623
0.19765096678769678 19.839097744360902 94.99699248120301 112.07368421052631 0.6494140625 0.3572341999972565 845.1308270676692 0.026630408781811707 642.097645855667 8.625257379428508 9388.667669172932
0.15321777001866754 19.94575471698113 252.3191823899371 224.58490566037736 1.2421875 0.4452305306660503 335.62893081761007 0.0361932358651791 321.0740277512268 10.623834178128243 571.377358490566
0.2019755285729471 15.430417495029822 134.39363817097416 169.81510934393637 0.982421875 0.3584471078863152 258.67992047713716 0.03334619036725691 82.00328197441328 7.44766712201288 1881.8538767395626
0.15208711941533157 16.332012678288432 255.2757527733756 273.07923930269413 1.232421875 0.4524994830503551 314.04120443740095 0.034172794520382646 295.4813806016925 8.842933568740696 571.2797147385103
0.12068854558621742 17.525436598329538 231.68337129840546 268.2862566438876 1.2861328125 0.41764511644757857 149.42444950645407 0.03357065457146369 46.19756153196481 8.602103158000514 1361.6362946089598
0.18831863547816421 14.225378787878787 256.2462121212121 312.7310606060606 1.546875 0.39268502776022074 85.53787878787878 0.0517553717198998 45.38881908763539 6.195547585878268 593.4936868686868
0.2311109765883415 17.627688172043012 86.74193548387096 109.38978494623656 0.7265625 0.32340892771120006 614.9032258064516 0.020608211717297955 383.99928944085235 8.241972839328888 2807.9381720430106
0.25189547450995886 11.544989775051125 159.30265848670757 212.08179959100204 0.955078125 0.4030781796747894 398.35787321063395 0.056736895886910714 351.98414246728817 5.905081139728557 704.9212678936606
0.22711906260606238 16.397932816537466 103.65116279069767 118.7984496124031 0.755859375 0.35432943160029295 564.8475452196383 0.03048612689479069 396.0393653100775 7.777055500922466 2152.515503875969
0.19334281733732742 12.712922173274595 271.8443465491924 292.2628487518355 1.330078125 0.4527494955292453 174.91189427312776 0.0555373713833645 130.47314491215957 6.562844854487189 551.7019089574155
0.37563325825080374 6.298474945533769 72.76470588235294 142.2549019607843 0.4482421875 0.40416243333203494 1343.6122004357298 0.09628374085706823 1231.0608026841107 2.890965752179069 2621.461873638344
0.16529571067455204 16.385465116279068 355.46046511627907 301.53372093023256 1.6796875 0.4561052161740135 72.85232558139535 0.040228548715280935 49.74136366733285 9.011845511201038 285.2627906976744
0.35826463913806134 5.633644859813084 82.3570093457944 177.90841121495328 0.5224609375 0.3996466659646205 1100.3028037383178 0.08378008443897016 1016.431527738482 2.841154954622192 1755.8542056074766
0.24030868991527682 16.072984749455337 199.041394335512 144.45098039215685 0.896484375 0.4684865619874829 610.7538126361655 0.05624468238265426 602.585380570821 9.332948154015785 726.322440087146
0.36883977297190074 8.157657657657658 61.48198198198198 121.6036036036036 0.43359375 0.3755634890868014 1424.963963963964 0.09157805789161373 1335.1718453415879 3.56861272040286 2007.7815315315315
0.15825210304111823 21.883268482490273 289.4964980544747 220.04435797665369 1.2548828125 0.4821713434480985 342.30038910505834 0.038614817815995864 326.5595786246808 11.797562785918839 754.0225680933852
0.21666237306312697 16.90828402366864 111.53846153846153 106.81952662721893 0.66015625 0.40355788913135504 929.1301775147929 0.0458426147523011 906.0298350407527 8.153176542322173 1224.8994082840236
0.15907030681737466 15.03577106518283 235.44356120826708 305.97297297297297 1.228515625 0.43375168410267034 292.94912559618444 0.04673420188915938 260.04052836261985 6.471209349820817 839.1963434022258
0.1680418417125405 17.817365269461078 184.86976047904193 240.53892215568862 1.3046875 0.3426362483290444 106.04640718562874 0.04643515466216082 47.46071981098837 5.537745193061449 802.5134730538922
0.19267394209782396 16.562059238363894 218.05077574047954 228.65303244005642 1.384765625 0.3809476701234312 107.25105782792666 0.04340625515441464 73.73956182611678 7.721804318529658 445.262341325811
0.20552068027511455 19.501981505944517 107.56010568031704 112.62483487450463 0.7392578125 0.36789517682519357 736.1505944517834 0.02895360956733734 709.3741589323217 9.658289075147358 1185.2047556142668
0.17967877971182625 17.262589928057555 269.34244604316547 221.95539568345325 1.357421875 0.44008068656240024 192.84892086330936 0.043969058304381886 109.1711936456694 9.112893504190628 660.2388489208633
0.21144403396114225 14.907096774193548 107.11612903225806 146.95612903225808 0.7568359375 0.3686145072561058 642.7664516129032 0.03776348852342175 583.4952253969254 6.565527962132417 1868.0077419354839
0.25419840907418967 14.311258278145695 95.3841059602649 100.19536423841059 0.58984375 0.38675015583163225 1056.208609271523 0.043888442563694834 1022.3840243611114 7.501582679986723 1294.3576158940398
0.19123543438158538 17.778947368421054 91.72894736842105 123.38157894736842 0.7421875 0.32904975470109527 703.1605263157895 0.03280496283581382 645.0278710817036 6.923854719652282 2627.5394736842104
0.14390488913361454 23.545774647887324 155.0211267605634 216.82746478873239 1.109375 0.34350402369934696 329.4348591549296 0.021434784775048916 295.34603997351417 10.2441449143013 1092.7297535211267
0.26378723942020693 12.548387096774194 113.42679900744417 153.61042183622828 0.787109375 0.3731266488207563 546.3325062034739 0.053161699777797194 497.0802991691949 6.301769782680996 1023.1836228287841
0.2344515706085101 14.953924914675769 232.12798634812287 189.35153583617748 1.14453125 0.4484085713353162 297.48976109215016 0.07564399795727518 224.2199738277917 8.283464146987276 711.9052901023891
0.22055147076653933 20.662668665667166 122.5472263868066 99.58770614692654 0.6513671875 0.42925541244520843 1016.7406296851574 0.031634797578093884 1006.4274478666429 12.158656337794659 1168.8005997001499
0.1812412992621466 16.73521383075523 159.1346678798908 199.39854413102822 1.0732421875 0.3644268955578877 321.75614194722476 0.029330094799982404 297.03103521067624 7.282516856294806 659.7925386715195
0.20692144959701775 16.53238341968912 109.08549222797927 123.80051813471502 0.75390625 0.36102720221351964 748.0544041450777 0.041638982419522935 712.5585784912109 6.815634243324969 1411.7305699481865
0.38402810777936663 8.853968253968254 99.23492063492064 148.98730158730157 0.615234375 0.39420044275604943 836.2698412698413 0.10363461668529207 778.5148241315569 4.51204553573341 1904.779365079365
0.20320072517480872 14.900225056264066 237.20105026256564 229.0 1.3017578125 0.4186909008159007 206.27756939234808 0.04604862796929396 180.85531243040253 7.949959819373348 405.41560390097527
0.23879193925020986 12.893567251461988 147.0608187134503 156.8269005847953 0.8349609375 0.4177837517394171 593.2654970760234 0.06559779406988132 562.0777601097062 6.004001138435949 1258.1801169590644
0.192978192871241 18.23642943305187 175.17129071170083 132.66948130277441 0.8095703125 0.4658224148003954 744.5211097708082 0.03448997907097866 729.8869643999383 10.684538161032043 928.6019300361882
0.16246665672019675 19.476543209876542 107.9283950617284 138.04691358024692 0.791015625 0.3562623237469701 559.5654320987654 0.027547624964772918 418.9335346551589 8.619485864372647 3397.911111111111
0.15858156387120076 18.59360730593607 200.6179604261796 239.34246575342465 1.283203125 0.36434849586379975 243.65601217656013 0.025346916378723796 217.9623459535828 8.236349372787314 1094.8310502283105
0.17886464250662956 17.90848585690516 159.83028286189685 219.2063227953411 1.173828125 0.3428140072768574 201.88685524126456 0.02766191622183446 103.15945185758112 7.632164077345068 2505.8369384359403
0.19651092609185822 14.253403141361257 135.41047120418847 191.87958115183247 0.9326171875 0.370527369079728 383.7842931937173 0.03503049955318111 293.94550694969934 6.670262618801381 2163.973821989529
0.2129155427367244 21.993718592964825 133.91959798994975 118.26633165829146 0.77734375 0.3511633304706311 666.7613065326633 0.037619629696984985 652.6720391661678 8.16090703052118 882.2902010050251
0.17013752285171957 23.048713235294116 197.10294117647058 151.5808823529412 1.0625 0.41360908211631525 386.7591911764706 0.03167418653474135 364.2710169062895 11.73830766790843 899.0358455882352
0.17395772729248227 17.98297557364915 173.0177646188009 218.2923760177646 1.3193359375 0.31462305653471495 111.75277572168764 0.02694831258010017 79.88746734551374 6.513174508063968 676.2960769800148
0.13985220570020312 19.07338225483656 267.9032688458973 293.2628418945964 1.4638671875 0.42393334266959765 129.57705136757838 0.03094735568646513 94.83881321678645 9.411212096890937 1206.761841227485
0.22394491492139265 20.290262172284645 53.80898876404494 78.2621722846442 0.521484375 0.288080886293851 1222.1310861423221 0.020635562889584888 1152.7535535548063 7.832463913704916 3961.5393258426966
0.2572707967060368 19.770731707317072 44.048780487804876 61.4390243902439 0.400390625 0.2883511291305739 1730.7463414634146 0.022208263815903084 1635.7267107707698 7.01789249515902 5457.358536585366
0.23710561188333634 16.915304606240714 111.87667161961367 103.86478454680535 0.6572265625 0.40926871223583294 918.704309063893 0.054345387760632816 886.1660691101165 7.188144953210415 1621.179791976226
0.2962539107272998 17.779156327543426 41.79900744416874 61.62034739454094 0.3935546875 0.2928297433634716 1774.1935483870968 0.027020823570989793 1731.9936336299622 7.038106517610458 3379.908188585608
0.1769530494698428 23.383759733036708 239.24026696329256 119.59176863181312 0.8779296875 0.5339249468108859 627.8976640711902 0.033456434264729364 596.4779131998607 15.92240471832634 1865.1256952169076
0.257667103531765 9.080409356725147 95.07602339181287 163.78947368421052 0.66796875 0.3747844028817483 705.2602339181286 0.06208805522026374 572.60753214429 3.912007326555098 3212.809941520468
0.15616406764048757 19.87135749822317 178.5039090262971 281.9651741293532 1.3740234375 0.3205798176652797 91.99573560767591 0.017966300270281198 48.292740746601815 7.937512466746153 1166.129353233831
0.21185139476322756 12.912364945978391 104.27490996398559 179.3361344537815 0.8134765625 0.34437070641606765 536.1272509003602 0.0368919478458803 478.9699310632456 5.585478972939317 1144.310924369748
0.2506597008503659 13.593561368209256 55.53923541247485 92.52917505030182 0.4853515625 0.3172180094099066 1328.1529175050302 0.055790558427392355 666.7431188694668 4.505637208069394 31475.67203219316
0.1644261478275997 23.117375231053604 142.04066543438077 174.9075785582255 1.056640625 0.3344772843013166 343.4121996303142 0.017800777985296057 318.9287706752361 10.065823730977728 903.5646950092422
0.2100271718697088 16.021978021978022 78.78510378510379 134.8192918192918 0.7998046875 0.2789314548709994 470.9426129426129 0.025909352215218458 372.4486668997777 5.508885671924563 1621.2576312576311
0.20189432975573418 15.305641025641025 109.45333333333333 218.37846153846155 0.9521484375 0.31530273652239255 259.6 0.023552656418237932 173.44360545622996 6.361498265912233 1870.2656410256411
0.23263179807379694 12.971287128712872 196.65346534653466 190.190099009901 0.986328125 0.43504779725751924 550.9207920792079 0.06272538440062268 536.9460102949993 7.202474450601232 696.559405940594
0.09852083105789988 20.740693196405648 255.13222079589218 409.9499358151476 1.521484375 0.39298620502836135 90.20282413350449 0.02342706773339248 22.774108064036927 8.93302549657009 1298.3170731707316
0.2177668279948239 13.630009319664492 161.9748369058714 195.41938490214352 1.0478515625 0.37519720001716067 283.65703634669154 0.049217314555727205 237.880726013468 6.395353836480143 803.0876048462255
0.17919044238452655 26.797313797313798 121.1074481074481 107.30525030525031 0.7998046875 0.3676658924869094 637.8070818070818 0.018419576069665333 594.8228888319526 12.892165679688794 2350.5299145299145
0.21368279657703387 14.217907227615965 133.32146709816612 165.25458468176916 0.9052734375 0.36554196534010613 444.05609492988134 0.03792644370078012 419.2085127516729 6.48614368138761 731.5059331175836
0.15089516930417796 18.516231195566114 210.20665083135393 240.7403008709422 1.2333984375 0.3817332596988761 253.0166270783848 0.02777365701876268 220.67452911111164 8.247262657230866 1366.3887569279493
0.16481736423523446 15.384552845528455 213.70243902439023 243.83252032520326 1.201171875 0.4070862768174798 310.1707317073171 0.04525548035536355 279.5258714877493 7.267919341085129 630.7406504065041
0.24470708854644896 10.416998671978751 107.47277556440903 169.10358565737053 0.7353515625 0.3684300969319714 696.0132802124834 0.042674507752832665 671.5881205402998 5.0097675061983775 901.5710491367862
0.19487114093921803 21.223703703703702 65.13037037037037 100.93777777777778 0.6591796875 0.2558776479344535 827.5851851851852 0.02242094181202076 757.9482271773727 5.934643537427538 3666.834074074074
0.19198888213453966 16.93994778067885 87.50391644908616 131.83812010443864 0.748046875 0.3271092828381418 578.8433420365535 0.033547398626959976 495.9984718701236 6.585282876557446 2503.5509138381203
0.16032220894124086 24.32034632034632 163.7012987012987 121.86363636363636 0.90234375 0.4249214554084491 501.4458874458874 0.02935692242213658 445.5773968056683 12.96795206463273 1346.8376623376623
0.2918170114032558 11.758196721311476 36.34426229508197 109.9672131147541 0.4765625 0.2467876301971046 940.3237704918033 0.04226207415588566 709.3315716727835 3.498273297642195 2188.438524590164
0.2549956874905036 14.44712990936556 89.40785498489426 111.53474320241692 0.646484375 0.3586278975256246 738.1752265861027 0.031169375264032368 660.9797240196758 7.093501828464652 2776.3821752265862
0.1465293951006742 17.067055393586006 252.34839650145773 293.6501457725947 1.33984375 0.4241599463412827 224.82361516034985 0.03264400493299301 169.46412049229568 8.573929640609347 2205.667638483965
0.297820003153046 11.31578947368421 213.2126745435016 191.6487647690655 0.9091796875 0.49112827939404907 479.13856068743286 0.09939514527899622 417.6146657843339 6.493752384000166 973.9774436090225
0.19914599353107362 12.632911392405063 190.25678119349004 239.96745027124774 1.080078125 0.4206736827301616 278.05786618444847 0.04941232596771627 237.858692300255 6.174610063009195 829.6030741410489
0.2782645567375071 13.301470588235293 72.22426470588235 94.98161764705883 0.53125 0.3634318636657768 1137.4889705882354 0.04689195949365111 1107.9821438228382 6.143098438423241 1434.7279411764705
0.19904832793894597 16.334299516908214 234.7584541062802 187.7207729468599 1.0107421875 0.489526955564983 333.1942028985507 0.041907388806918966 283.99927179456336 11.330581081414923 900.607729468599
0.17715804537356888 15.622099447513811 113.20773480662983 159.78232044198896 0.8837890625 0.3362240561245534 415.8121546961326 0.03479795482277211 318.54593283300244 6.378397284806124 2141.265193370166
0.27068374070654194 11.72249822569198 262.7984386089425 261.2696948190206 1.3759765625 0.4227552745046901 182.23562810503904 0.09507783614971521 154.86674842807398 5.65718511288158 375.9198012775018
0.24126289250715724 8.101290963257199 146.76961271102283 304.71797418073487 0.9833984375 0.3828091628166072 240.15491559086396 0.06803702254517904 151.17017444053732 3.5068830441450265 802.4260178748759
0.2269116086822948 13.56267942583732 139.61818181818182 188.63062200956938 1.0205078125 0.3527947664465566 276.47846889952154 0.04640490723568857 219.45108262933613 6.219249395704252 615.7157894736843
0.24871567795026742 11.75070821529745 95.65439093484419 143.53257790368272 0.689453125 0.37060684488791357 677.4730878186969 0.045277343931009004 592.6580086943111 5.534128377993282 2899.5509915014163
0.15580561411314905 16.83977900552486 232.1022099447514 270.52486187845307 1.4140625 0.3866021842898575 105.0 0.041951269734630266 33.52791751418983 7.7160239253387175 1322.3494475138123
0.27015277873834914 11.867455621301776 119.0284023668639 168.5455621301775 0.8251953125 0.36427298083022436 571.084023668639 0.07469424637111687 480.57300393369775 5.583215292537662 2178.8899408284024
0.19841055163862195 15.34862385321101 122.64875491480996 150.14023591087812 0.7451171875 0.4058559176768848 499.4521625163827 0.05726139729801043 191.32456884221668 7.770500931822296 2041.1467889908256
0.1835648166716143 18.66344005956813 309.4288905435592 201.1638123603872 1.3115234375 0.4927541232563172 211.98212956068502 0.04309357765976032 191.30203615190018 12.012732699180821 410.8443782576322
0.1403590099067445 21.623566878980892 268.8585987261146 321.0700636942675 1.533203125 0.40047560275708316 101.19617834394904 0.02738753094035349 63.418729998351665 10.454000943750183 988.528025477707
0.2239121117762157 12.966964285714285 181.29107142857143 218.05357142857142 1.09375 0.3965129974031827 239.75892857142858 0.05755567082336971 200.55800647735595 6.16491850084541 522.9089285714285
0.18081003125841497 17.922338568935427 252.09075043630017 178.94938917975568 1.119140625 0.48236186206392345 326.48342059336824 0.04300267034800265 274.4422749091609 10.112435524579544 691.280977312391
0.19203837509066457 17.024447031431897 110.66239813736904 147.0651920838184 0.8388671875 0.3420719533893723 556.2072176949941 0.024592390160344115 497.6188000822234 7.95705724852792 2170.7811408614666
0.16909877167742915 16.526487367563163 187.76120619396903 222.6560717196414 1.1982421875 0.370916861871389 286.1760391198044 0.03836579194570229 259.672885512373 7.310577380014248 578.7131214343929
0.1988613404018778 14.68661971830986 133.07042253521126 157.09859154929578 0.83203125 0.3983474068967288 528.9319248826291 0.045167513296637735 472.01103328651106 7.314937161688202 1073.5399061032863
0.18197814902079473 17.048453608247424 159.4020618556701 160.90515463917527 0.947265625 0.4003925752348522 477.97113402061854 0.04590110926284004 444.8764314317212 7.3893172825675535 992.4649484536083
0.23135022378303635 20.066901408450704 67.44014084507042 86.0 0.5546875 0.31677386447017214 1139.024647887324 0.020791929792350446 1112.9223714344937 9.17415353195092 1755.0299295774648
0.34420375550558807 6.878899082568807 57.0256880733945 148.3651376146789 0.5322265625 0.32148935560443026 808.0550458715596 0.06288403354653525 669.3081307507437 2.7125392488039735 3274.0477064220186
0.20369785892474537 18.757097791798106 109.41640378548895 107.22712933753944 0.619140625 0.4143680061121586 927.211356466877 0.03705385430754171 696.8630442814872 9.398572339734253 9727.858044164037
0.21328342353241353 13.708860759493671 114.0886075949367 154.73164556962024 0.771484375 0.3746347515259706 660.4708860759494 0.04701939323280431 599.4197650764562 6.1512844686520385 2460.253164556962
0.20275050380476003 12.695136417556347 115.9655990510083 194.1079478054567 0.8232421875 0.37038444954413624 443.2455516014235 0.04575307895280288 349.93602362618043 5.486789254344904 2234.4958481613285
0.24719703812925636 9.53759820426487 97.11896745230078 238.73063973063972 0.8701171875 0.32065541740109627 259.47923681257015 0.03509140944507654 130.41156824456587 4.253160867028737 1484.4915824915824
0.23360015956789704 12.507544581618657 109.82853223593965 151.34567901234567 0.7119140625 0.3858760490628111 563.2949245541838 0.04854783697873967 432.3345735442655 6.673071265608534 1298.4979423868313
0.2238677011804751 10.963196635120925 110.15878023133544 233.63512092534174 0.9287109375 0.33285627486599223 223.06624605678235 0.03949693324814083 100.12348028237135 4.427990808544365 1740.801261829653
0.30242855002687136 8.467764060356654 90.67078189300412 195.78189300411523 0.7119140625 0.351710219545 510.77091906721535 0.06162691508791574 384.61839731894077 3.6412045680221743 2532.514403292181
0.18848910164640278 15.425876010781671 169.3414195867026 197.53369272237197 1.0869140625 0.3876161318536941 272.5265049415993 0.042385357945006065 219.53013231083818 7.1677546102473215 1599.29739442947
0.24167202357534845 14.86709886547812 130.4424635332253 107.55105348460292 0.6025390625 0.47058329446937675 1062.482982171799 0.06771454625616584 1007.9447978559151 6.9943755277048725 2142.6628849270664
0.14455180362041534 21.09579600275672 242.25292901447278 278.53824948311507 1.4169921875 0.3980586730237659 163.74913852515508 0.02454006778709154 134.35915881103685 10.54023321700461 784.1543762922123
0.17791604828806715 25.16919486581097 216.2882147024504 118.50991831971996 0.8369140625 0.5168675374184464 692.8144690781797 0.0319073753846568 678.4606465770316 15.949602680832724 1065.1761960326721
0.13516573428061204 20.65691294806145 294.90343818580834 228.59619604974395 1.3349609375 0.474763734671742 253.29773226042428 0.037305550062490714 224.18291088849327 11.537745855344575 792.794440380395
0.16918434322692796 19.97645600991326 103.99628252788104 128.14002478314745 0.7880859375 0.32328172940877337 688.8946716232962 0.027491794642905763 634.4660245004344 7.253819100022212 2840.3308550185875
0.24366255464224978 22.647058823529413 70.64300202839756 69.81135902636917 0.4814453125 0.3496430909825946 1477.4604462474645 0.01896140541556399 1467.465373072131 10.754029617998343 1733.239350912779
0.29100465799863884 7.715297450424929 108.71104815864022 201.41359773371104 0.689453125 0.3984189910512863 607.1444759206798 0.06595262197023073 504.48668668492996 3.607145066488641 3960.087818696884
0.15945843405450946 16.69039913700108 116.74973031283712 175.16181229773463 0.9052734375 0.34367306330642655 387.7411003236246 0.02877937345700228 286.9137507729803 6.797810930686002 2520.0582524271845
0.23442694245915016 14.550143266475645 91.29799426934098 121.0429799426934 0.681640625 0.34227261035852397 891.3180515759312 0.04150664498949461 867.625972277797 5.832814610907669 1247.7478510028652
0.5948631134701938 6.295731707317073 26.865853658536587 125.48780487804878 0.3203125 0.25033146955932506 2137.1524390243903 0.1156219547478164 1661.5837981061238 1.8229553029623498 21504.08231707317
0.24487475287818397 15.144772117962466 126.59249329758713 119.68096514745308 0.728515625 0.41373513598005496 736.7319034852547 0.04454900879642599 712.32440610993 8.20189422819741 1049.3713136729223
0.41421663184319774 9.18010752688172 41.59139784946237 86.18817204301075 0.36328125 0.3218063715897295 1828.1505376344087 0.09972721418385865 1385.176511702999 3.238987636902327 19234.52688172043
0.25760103609853374 13.215430861723448 221.4248496993988 190.18637274549098 0.974609375 0.4768584520852145 434.5571142284569 0.08459792419043714 397.8671475030138 6.980899833659759 644.8016032064128
0.1931585200432895 15.5626767200754 133.1564561734213 198.47973609802074 1.0361328125 0.3434731890475554 270.0904806786051 0.02628380930951808 226.85172178967733 7.11136361381077 747.4005655042413
0.16083817732961556 15.513556618819777 215.23763955342903 247.45933014354068 1.224609375 0.4090278575196421 258.08133971291863 0.04354177289412162 214.82027998685456 6.918491407291819 1467.4912280701753
0.21283864708586112 19.216014897579143 57.770949720670394 79.06331471135941 0.5244140625 0.3030370208225424 1202.1899441340781 0.026616748262828067 1106.346296939104 7.207699854983429 4326.733705772812
0.2214238063559127 14.857974388824214 163.50291036088475 146.19441210710127 0.8388671875 0.4320539103559223 635.7648428405122 0.04493135734265009 616.8452879935677 7.9913946911024905 842.429569266589
0.20100540296565853 14.42603550295858 107.90177514792899 160.22130177514794 0.8251953125 0.3448707981960581 499.85325443786985 0.03813143735806618 419.6160299628444 5.907756966619236 1428.6236686390532
0.20003070526344832 14.035852713178295 202.79263565891472 205.40116279069767 1.0078125 0.44193421739027844 465.01162790697674 0.04175222243449485 453.6115780615991 7.991322600124167 582.3158914728682
0.2023387744188889 16.14963503649635 110.18248175182482 132.330900243309 0.802734375 0.3556846707123775 609.9221411192215 0.04309159009706075 557.4300822979633 6.915363630453973 1127.2335766423357
0.17815794379790248 15.064454976303317 188.52037914691942 218.79526066350712 1.0302734375 0.41740986438675964 484.0265402843602 0.05000064429513651 453.4137894906139 6.457158396862977 1272.447393364929
0.2812145660048411 7.783042394014963 115.38154613466334 222.57605985037407 0.783203125 0.38021753865959773 507.28179551122196 0.06402060181422721 404.5100786394609 3.6759046269050177 1037.703241895262
0.28101315326297405 12.379725085910653 89.0721649484536 110.79037800687286 0.568359375 0.38471001537162264 1175.5292096219932 0.05967698105422082 1147.1860682431775 6.049889525901528 1428.1975945017182
0.1413078274426564 17.38728663919953 362.7292525014715 362.97292525014717 1.6591796875 0.4662741406181955 153.9952913478517 0.04028680171596085 135.23437711952573 9.42439291943033 433.29370217775164
0.17758127487382513 17.76528384279476 145.48034934497818 157.09606986899564 0.89453125 0.37403657327231643 570.264192139738 0.03421976004104947 528.8761146911887 7.556119323009855 1217.188864628821
0.1642330880294978 19.43190661478599 167.84046692607004 164.06614785992218 1.00390625 0.3992027076820786 460.26459143968873 0.03984033412042759 423.0918774734675 9.487756388891915 909.0330739299611
0.2144940638454198 14.40590405904059 195.61623616236162 186.61254612546125 1.05859375 0.42413903459567426 377.67158671586714 0.05474460432890157 356.0194721855361 7.185306069392463 572.5553505535055
0.3271188280369976 10.045544554455445 50.14059405940594 105.19405940594059 0.4931640625 0.305808730976308 1110.510891089109 0.05327667127741446 1002.0445003396213 3.951698457380402 2840.5089108910893
0.17799941088472093 13.491071428571429 181.91607142857143 263.2660714285714 1.09375 0.39616876229184916 308.98214285714283 0.03953711496932166 265.23941127232143 6.260558828147649 775.0401785714286
0.23113811105177898 14.841554559043349 114.34529147982063 112.43796711509717 0.6533203125 0.40726222330292133 982.5022421524664 0.04702538581528828 967.2602613873902 6.938201888580752 1218.0194319880418
0.22780069512355738 14.521819870009285 153.1652739090065 181.78922934076138 1.0517578125 0.3649861018654461 288.8839368616527 0.056246183266103984 245.57034177080612 6.419554484537379 652.5366759517177
0.23457930421748813 18.66779089376054 78.2681281618887 109.84317032040472 0.5791015625 0.35603487394827615 952.3338954468803 0.024775579446081768 732.0836563624982 8.880830474904455 10205.969645868465
0.2015662287102371 25.578688524590163 130.08852459016393 92.68524590163935 0.595703125 0.4577559575786314 1170.6622950819672 0.055487030060564886 1123.2388078783379 11.962455549948423 3335.9180327868853
0.2049475667976108 15.598814229249012 144.89525691699606 168.83794466403162 0.98828125 0.3760442832364659 287.2905138339921 0.03611746371499163 89.816089313492 7.928339360308506 2070.9347826086955
0.20067680156093903 14.945402298850574 174.7624521072797 203.08045977011494 1.01953125 0.41045478622453774 347.77969348659 0.03379204994873982 314.6609799615268 8.17455268032309 707.2203065134099
0.18789771733044847 16.14431934493347 148.30194472876153 166.79529170931423 0.9541015625 0.38323360767991105 334.95189355168884 0.037455753513832055 248.39217821041174 7.369995985283865 1893.2876151484136
0.17101308833287415 14.737988826815643 316.9329608938547 342.5821229050279 1.748046875 0.4124345572906294 59.630167597765364 0.05414429270355395 23.882844978204652 6.567425656699811 498.4435754189944
0.34013314471232364 15.595300261096606 49.91383812010444 62.82767624020888 0.3740234375 0.35231280144401 1864.8198433420366 0.06469815922779452 1706.331107515579 7.09312860321028 5268.133159268929
0.19251726814222891 14.23404255319149 259.84282772820865 271.42278654770075 1.4228515625 0.421442590492407 132.03843514070007 0.044113842853554 83.80563411045009 7.298862701224337 449.39052848318465
0.2756480960063754 21.55678233438486 133.69085173501577 110.65615141955836 0.619140625 0.45122546888483916 667.0946372239748 0.06539552520126199 455.42253141673956 10.029245949329203 9374.531545741325
0.19306264952117322 17.00686274509804 229.90392156862745 169.39803921568628 0.99609375 0.48061455796694147 532.4960784313726 0.04865665716283461 512.6493687349207 10.159794496045466 772.3705882352941
0.19867200944287722 26.219749652294855 112.27955493741307 98.39638386648123 0.7021484375 0.3572041489918501 814.7510431154382 0.021818206107997763 767.688644430402 11.423159967464457 2722.0625869262867
0.2837362714049044 12.931407942238268 139.09626955475332 141.98194945848377 0.8115234375 0.40747432637262837 596.1684717208183 0.062239292296261566 576.0241038922655 7.096477131826044 745.6113116726835
0.20192581228658454 19.574149659863945 119.24761904761905 109.49795918367347 0.7177734375 0.3851290577153642 852.0353741496599 0.029896838000031557 777.9715144358524 9.124799459791472 5120.763265306123
0.2102272062018366 17.95742574257426 139.66336633663366 147.44554455445544 0.986328125 0.36153839778738317 276.3306930693069 0.04359396424623999 163.58310791619934 8.402117188104617 990.2554455445545
0.16113608124201773 17.140065146579804 219.05537459283389 236.42019543973942 1.19921875 0.4192698491862419 310.2068403908795 0.03705584498104133 283.8976056226302 8.77690514124341 676.8835504885993
0.28243019595835944 10.281221922731357 209.17969451931717 233.4366576819407 1.0869140625 0.4330539798680917 350.99730458221023 0.09004929380596809 300.21660455667745 5.525075145583064 607.917340521114
0.2564838699727892 15.269692923898532 120.87983978638184 119.67022696929239 0.7314453125 0.3960645497079941 663.0574098798398 0.05305727779149054 640.6175980205052 7.40277411199499 1097.9265687583445
