47.884521484375 40.644198417663574 44.35294062817624 1967.1833423665266 0.6864532947488873 -0.5401254674784401 0.0 0.0 0.0 0.0 0.0
63.802490234375 42.430226504802704 52.72997768673909 2780.450546844002 0.8518925298278427 0.17157172526658382 0.0 0.0 0.0 0.0 0.0
42.89013671875 34.154759764671326 48.667159201007784 2368.4923846962365 2.150774401590683 5.120534254307266 0.0 0.0 0.0 0.0 0.0
58.284423828125 53.6028288602829 62.455884850782944 3900.737552494258 1.13509111331345 0.7511724390932737 0.0 0.0 0.0 0.0 0.0
45.796630859375 52.77951645851135 68.48886299548863 4690.724354414811 1.8222906497555922 2.3607245756483852 0.0 0.0 0.0 0.0 0.0
31.5506591796875 34.62527096271515 46.86669908782928 2196.487483389138 2.2360720459054497 5.106958429592989 0.0 0.0 0.0 0.0 0.0
42.3826904296875 47.71011742949486 64.5019188060872 4160.4975296670655 2.065755734497797 3.6009577896167304 0.0 0.0 0.0 0.0 0.0
67.3936767578125 62.169923812150955 70.87372242857147 5023.0845308821945 0.7766450544537318 -0.6410895682962181 0.0 0.0 0.0 0.0 0.0
38.8734130859375 44.94632849097252 62.57132541489392 3915.1707641765497 2.2436065003874788 4.300858869250916 0.0 0.0 0.0 0.0 0.0
41.1185302734375 37.54642632603645 51.03010894497449 2604.0720189359654 2.1971362193637365 5.73139820690764 0.0 0.0 0.0 0.0 0.0
69.217529296875 49.69387501478195 59.69922001229208 3563.996870076055 0.735967887374657 -0.3577618173900401 0.0 0.0 0.0 0.0 0.0
52.4564208984375 45.684655249118805 51.287499202464254 2630.4075744427714 0.8422104647376744 -0.3713801668839727 0.0 0.0 0.0 0.0 0.0
50.2833251953125 52.25269511342049 65.63616488764082 4308.106141157573 1.6191792692585711 1.8683885037403014 0.0 0.0 0.0 0.0 0.0
50.3331298828125 43.29752629995346 59.9796142967479 3597.5541311866446 2.095019944322722 4.376639748676488 0.0 0.0 0.0 0.0 0.0
30.275390625 34.02463674545288 52.73034846710976 2780.489649462825 2.7668920381563167 7.114185615899675 0.0 0.0 0.0 0.0 0.0
58.124755859375 46.98201107978821 62.629544417187766 3922.459833904495 1.6945851315094296 2.639393118726151 0.0 0.0 0.0 0.0 0.0
49.9583740234375 57.46711665391922 76.39987012098887 5836.940154503966 1.6582866610548408 1.2658301844282898 0.0 0.0 0.0 0.0 0.0
57.3701171875 64.48411703109741 75.53308839764868 5705.24744288701 1.2593830944710516 0.310025634961943 0.0 0.0 0.0 0.0 0.0
57.93603515625 61.27024471759796 77.07975920286759 5941.289278772052 1.3791085440549402 0.5640921506848362 0.0 0.0 0.0 0.0 0.0
53.4791259765625 51.753778249025345 71.95145342978336 5177.011650658283 1.7115065264243612 1.540069805461794 0.0 0.0 0.0 0.0 0.0
51.8541259765625 46.98142236471176 55.55156961682698 3085.9768868931747 1.2079342401533313 0.26667612087557124 0.0 0.0 0.0 0.0 0.0
45.5859375 51.378618240356445 64.55402208843319 4167.22176779392 1.7215269092509158 2.1456326059529127 0.0 0.0 0.0 0.0 0.0
30.0506591796875 34.60560008883476 50.63199649703819 2563.599069276087 2.4714758023646954 5.502130207678322 0.0 0.0 0.0 0.0 0.0
32.08935546875 45.44530630111694 65.97332693707729 4352.479867146487 2.208740437637494 3.258505078509418 0.0 0.0 0.0 0.0 0.0
75.585693359375 68.28356629610062 75.91819570063531 5763.572438439961 0.7298624737763135 -0.7724186843215963 0.0 0.0 0.0 0.0 0.0
30.0628662109375 35.85092154145241 51.229486991687644 2624.460337431494 2.2432075296768894 3.8566723973957115 0.0 0.0 0.0 0.0 0.0
81.714111328125 56.94817388057709 65.570202102975 4299.451403824987 0.4870035691641619 -0.6382633351217359 0.0 0.0 0.0 0.0 0.0
37.926513671875 43.182341396808624 56.59920169643494 3203.4696326737235 1.8283753111874452 2.1036780697150563 0.0 0.0 0.0 0.0 0.0
87.09765625 50.50288963317871 57.464850079228874 3302.2089946282504 -0.034371656022659895 -1.2462448524305478 0.0 0.0 0.0 0.0 0.0
54.9676513671875 60.40322405099869 79.98916452961187 6398.266442145318 1.5672553768337714 0.9679775264276049 0.0 0.0 0.0 0.0 0.0
79.7198486328125 91.69658452272415 99.51464074545586 9903.163722697143 0.7621025162190947 -1.339035312771351 0.0 0.0 0.0 0.0 0.0
53.221435546875 56.18419969081879 76.82754250593122 5902.471287500668 1.655196849975583 1.2880383950739427 0.0 0.0 0.0 0.0 0.0
32.206298828125 36.1994069814682 51.311708093729344 2632.8913874960895 2.4065572927782104 5.533989873222433 0.0 0.0 0.0 0.0 0.0
27.857177734375 22.934752345085144 25.22024797783783 636.0609080636331 0.8102264444233249 -0.15276743499808632 0.0 0.0 0.0 0.0 0.0
55.038330078125 50.872358441352844 60.22006600946063 3626.4563501837956 1.336529577508808 1.430464533729542 0.0 0.0 0.0 0.0 0.0
31.0762939453125 32.0618662238121 38.250479367043134 1463.0991718085922 1.35833633480978 0.48749557741473826 0.0 0.0 0.0 0.0 0.0
56.773193359375 42.747611343860626 53.758729980443256 2890.0010491102084 1.3418560931524073 2.1859403248703018 0.0 0.0 0.0 0.0 0.0
64.0233154296875 63.210755199193954 71.16473016206517 5064.418819039547 0.8468138257987714 -0.7829152980875707 0.0 0.0 0.0 0.0 0.0
57.935546875 44.102837562561035 55.77297797758424 3110.6250724880965 1.5095843988975943 2.826326472174858 0.0 0.0 0.0 0.0 0.0
72.35986328125 66.80044364929199 73.9671164015418 5471.134308759233 0.6532345611949372 -1.1463023117656894 0.0 0.0 0.0 0.0 0.0
36.992431640625 31.346863389015198 42.573660957743066 1812.5166073448563 2.1140541319374564 5.038747265702909 0.0 0.0 0.0 0.0 0.0
31.981689453125 35.27779722213745 51.6319857506941 2665.861952559879 2.3713349417676546 4.5973017483474035 0.0 0.0 0.0 0.0 0.0
47.5286865234375 43.725995659828186 54.627703295695966 2984.1859673625922 1.5360776823611582 2.0253095748443766 0.0 0.0 0.0 0.0 0.0
32.7327880859375 38.15000665187836 53.16842314769381 2826.881220012223 2.2246036094371937 4.224079356146132 0.0 0.0 0.0 0.0 0.0
84.229248046875 52.099191665649414 59.37880879549879 3525.842933972405 0.1991145404653785 -0.6711107719117506 0.0 0.0 0.0 0.0 0.0
54.4656982421875 39.07084423303604 41.726634135052336 1741.1119962405146 0.1764164477332375 -1.6475680006184337 0.0 0.0 0.0 0.0 0.0
71.5955810546875 39.408756494522095 50.60155427055376 2560.517294595798 0.7835860512614419 1.1999900189107429 0.0 0.0 0.0 0.0 0.0
127.8258056640625 42.91517561674118 55.9267646687137 3127.8030063096835 -1.0770532004815736 0.22579423924643205 0.0 0.0 0.0 0.0 0.0
47.7899169921875 49.27071636915207 62.768230374697396 3939.8507443710846 1.5747293427725957 1.480260936875676 0.0 0.0 0.0 0.0 0.0
40.1964111328125 45.6726508140564 61.57603414688518 3791.6079812583694 2.080020666747631 3.556405815457979 0.0 0.0 0.0 0.0 0.0
54.5142822265625 51.41281646490097 62.27657006626644 3878.3711792185927 1.3916107759489236 1.2299294733406674 0.0 0.0 0.0 0.0 0.0
47.5535888671875 53.57586082816124 67.09438326686588 4501.656265961092 1.599713939836501 1.354665328604228 0.0 0.0 0.0 0.0 0.0
64.120361328125 53.8600714802742 63.852960021024266 4077.200503446523 1.049676159580983 0.17538374837781312 0.0 0.0 0.0 0.0 0.0
53.937255859375 53.93382668495178 67.61955030271542 4572.403583141462 1.4695236410436356 1.141993898509634 0.0 0.0 0.0 0.0 0.0
41.79638671875 53.70777690410614 67.22565201422191 4519.288288737257 1.5644023066665496 0.8765529730803729 0.0 0.0 0.0 0.0 0.0
44.8675537109375 40.23332783579826 52.72288879396365 2779.7030027806577 1.9138737656912004 3.6491224173421797 0.0 0.0 0.0 0.0 0.0
27.648681640625 33.74309855699539 49.12814636936123 2413.574765689381 2.5191237272429308 6.006406284035657 0.0 0.0 0.0 0.0 0.0
46.1590576171875 42.16758820414543 46.59398938854807 2170.99984714013 0.8356084741052253 -0.8624750632298452 0.0 0.0 0.0 0.0 0.0
39.956787109375 45.16396498680115 59.48229701343888 3538.14365799496 1.9516982780766228 3.361326497279615 0.0 0.0 0.0 0.0 0.0
57.8612060546875 49.045666962862015 55.78113699932654 3111.5352449376364 0.8834237256518873 -0.40732832130316377 0.0 0.0 0.0 0.0 0.0
81.493408203125 60.96270442008972 69.08869420856874 4773.247667445119 0.5259588334174998 -0.6012521513142217 0.0 0.0 0.0 0.0 0.0
34.6549072265625 34.25932386517525 50.752565511128196 2575.822905961359 2.5123811641614013 6.067164549833841 0.0 0.0 0.0 0.0 0.0
57.3143310546875 45.05317443609238 56.437191515846486 3185.156586196335 1.5355362366351095 2.9379709292552594 0.0 0.0 0.0 0.0 0.0
29.7386474609375 29.86217749118805 43.17161378015753 1863.7882363830872 2.7618335011560196 8.82349796199904 0.0 0.0 0.0 0.0 0.0
50.5992431640625 49.87905031442642 62.88492581824642 3954.5138951663553 1.540080469286772 1.6996258984148227 0.0 0.0 0.0 0.0 0.0
50.24267578125 52.02357077598572 62.10746744128337 3857.337511970074 1.4547914077298318 1.8206714346051518 0.0 0.0 0.0 0.0 0.0
40.0672607421875 26.630509108304977 45.22973538961788 2045.7289634148522 3.449407465871498 12.646191111662219 0.0 0.0 0.0 0.0 0.0
57.0634765625 45.81866383552551 57.17652531651316 3269.1550472698696 1.278437084612778 1.5635322347251943 0.0 0.0 0.0 0.0 0.0
51.679443359375 41.33637738227844 56.05163591884341 3141.7858891785763 1.7493484871693192 3.2649842973161913 0.0 0.0 0.0 0.0 0.0
69.698486328125 54.84877574443817 64.65442755126288 4180.1950019815 0.8824062588723903 0.01004463588168436 0.0 0.0 0.0 0.0 0.0
56.1134033203125 48.2036526799202 63.13682584452066 3986.258777721332 1.375203128296078 0.9518140313279475 0.0 0.0 0.0 0.0 0.0
64.101318359375 52.19765442609787 63.008873716195595 3970.118166983484 1.1200856741874436 0.5784609695161018 0.0 0.0 0.0 0.0 0.0
54.181884765625 42.59096676111221 52.124184929686955 2716.9306545842046 1.1933577636821973 1.1526939092919681 0.0 0.0 0.0 0.0 0.0
84.821044921875 59.644999265670776 67.81264779564874 4598.555201056704 0.2719645120706123 -1.1735850690653842 0.0 0.0 0.0 0.0 0.0
33.549560546875 39.840036273002625 53.939560988037535 2909.4762395822204 2.065127044532711 3.326692330534021 0.0 0.0 0.0 0.0 0.0
94.6968994140625 48.279022216796875 55.66388965966276 3098.46861204311 -0.2068225168595796 -0.7081260858626983 0.0 0.0 0.0 0.0 0.0
39.8551025390625 33.89623290300369 44.24537716974413 1957.653400892915 1.7701341826545833 2.999856828419518 0.0 0.0 0.0 0.0 0.0
74.2501220703125 56.532350897789 65.31528532709832 4266.086497360265 0.8050238245515068 0.08171275699514613 0.0 0.0 0.0 0.0 0.0
46.964599609375 24.904303431510925 33.689845733048855 1135.0057055166303 2.2004799138179916 11.408862135707531 0.0 0.0 0.0 0.0 0.0
68.151123046875 49.95682781934738 56.41762984521526 3182.9489573517235 0.6077865476374196 -0.5649270225857954 0.0 0.0 0.0 0.0 0.0
48.6876220703125 41.73984071612358 51.639008356954356 2666.587184089602 1.2375710224757361 0.898971508552342 0.0 0.0 0.0 0.0 0.0
54.56689453125 43.149938464164734 51.35897461205698 2637.7442732019135 1.1676962721590014 1.4281875917956732 0.0 0.0 0.0 0.0 0.0
47.8671875 38.95216941833496 49.932535977938606 2493.2581491881333 1.5252506894382638 2.510849790732255 0.0 0.0 0.0 0.0 0.0
28.0916748046875 33.94223853945732 50.02492133440787 2502.4927545136957 2.5723137967383534 6.299389508430824 0.0 0.0 0.0 0.0 0.0
41.74267578125 40.92500984668732 58.50984509434158 3423.4019729638476 2.0401162629857588 3.5061474296480233 0.0 0.0 0.0 0.0 0.0
58.2103271484375 44.596034824848175 56.382456446887225 3178.981394985135 1.0846657879167265 0.4639469271942298 0.0 0.0 0.0 0.0 0.0
33.0316162109375 32.5108143389225 48.911602587817825 2392.3448677086276 2.7163082100539806 7.836185120201346 0.0 0.0 0.0 0.0 0.0
33.4842529296875 30.62476208806038 46.39064349900716 2152.091804251975 2.537059191995404 6.269463144568469 0.0 0.0 0.0 0.0 0.0
57.205810546875 42.91915810108185 49.292549779157056 2429.755463730676 0.8523388050177129 0.6335264300206513 0.0 0.0 0.0 0.0 0.0
41.6273193359375 29.939925730228424 42.66774934108659 1820.5368338337953 2.074470948812363 4.934215779062666 0.0 0.0 0.0 0.0 0.0
50.6927490234375 38.81855097413063 51.12945984395933 2614.2216639350495 1.5581619112950458 2.5043098340827257 0.0 0.0 0.0 0.0 0.0
47.88623046875 22.481273889541626 29.50744050070356 870.6890449025607 1.3269947863653437 5.97968590415384 0.0 0.0 0.0 0.0 0.0
57.566650390625 50.385893166065216 61.61467686705149 3796.3684054311707 1.150453983631004 0.3807490389240744 0.0 0.0 0.0 0.0 0.0
46.8570556640625 20.123532384634018 23.593321232107165 556.6448067613987 -0.2664686715407969 -1.1094547178880547 0.0 0.0 0.0 0.0 0.0
38.76708984375 29.839529514312744 42.54816599941234 1810.3464299135485 2.0678860788570486 4.59087316545967 0.0 0.0 0.0 0.0 0.0
56.956787109375 24.41430562734604 29.09884203988377 846.742608062107 -0.2740631428127894 -0.8811902138317573 0.0 0.0 0.0 0.0 0.0
63.8297119140625 38.263257682323456 45.650064520078764 2083.9283906873543 0.776072286497519 1.9727112946168592 0.0 0.0 0.0 0.0 0.0
48.7015380859375 42.47637498378754 51.45142452505512 2647.249085657443 1.281176792549789 1.0372222492218235 0.0 0.0 0.0 0.0 0.0
59.7711181640625 41.2237309217453 48.79257526130045 2380.7154006296687 1.0119389512940389 2.058553098695339 0.0 0.0 0.0 0.0 0.0
40.9805908203125 33.871476888656616 46.38654835601443 2151.7118683848653 1.921145163264434 3.4770001461265627 0.0 0.0 0.0 0.0 0.0
55.0989990234375 50.58370918035507 63.04633630531314 3974.8405215226458 1.4399309830872797 1.2169337518116512 0.0 0.0 0.0 0.0 0.0
65.8111572265625 36.82121962308884 46.42647428324738 2155.4175143730304 0.6172829648672042 0.8227650681596792 0.0 0.0 0.0 0.0 0.0
27.480712890625 23.224891483783722 30.822265988307482 950.0120806539761 1.9446706564025067 3.278717495023364 0.0 0.0 0.0 0.0 0.0
52.1483154296875 58.177816182374954 68.06604188192503 4632.986057471973 1.2083044780159786 -0.11266600747371003 0.0 0.0 0.0 0.0 0.0
23.5274658203125 29.675673753023148 45.11712374866408 2035.5548553522683 2.65192762031236 6.390585286619805 0.0 0.0 0.0 0.0 0.0
65.3328857421875 45.58446952700615 55.76336238620255 3109.55258461495 0.8048972008163159 -0.13268083673872866 0.0 0.0 0.0 0.0 0.0
42.4007568359375 54.23166188597679 69.22687388431497 4792.36006779485 1.663222607452924 1.2981969813294736 0.0 0.0 0.0 0.0 0.0
51.23828125 52.27203369140625 62.13049078249456 3860.1978848736417 1.2554236513547528 0.2703876206306197 0.0 0.0 0.0 0.0 0.0
28.93408203125 34.5377938747406 48.81446215848191 2382.8517158218624 2.354279397158072 5.100696474058092 0.0 0.0 0.0 0.0 0.0
40.8101806640625 39.85986253619194 53.958223722886714 2911.489907329095 2.0546295317074508 3.7585566027436155 0.0 0.0 0.0 0.0 0.0
56.0689697265625 62.168597400188446 76.90805221930323 5914.848496167073 1.4220675921571424 0.5403258617570255 0.0 0.0 0.0 0.0 0.0
29.8385009765625 30.47860473394394 45.663268506359906 2085.1340906839205 2.7391867080677166 7.57669236988926 0.0 0.0 0.0 0.0 0.0
86.6402587890625 40.849873542785645 50.108426988014756 2510.8544552132057 0.11750149617379282 -0.5371923883179059 0.0 0.0 0.0 0.0 0.0
106.1119384765625 61.05526718497276 68.65734895426375 4713.831565427541 -0.26452158224396644 -1.3407843420651369 0.0 0.0 0.0 0.0 0.0
43.6708984375 30.085922718048096 33.24111744399314 1104.971888925345 0.5384368166645344 -0.09938647386633814 0.0 0.0 0.0 0.0 0.0
63.9306640625 43.552167892456055 54.60457583178089 2981.6597017687095 1.0625313977329414 1.20099582580539 0.0 0.0 0.0 0.0 0.0
76.8416748046875 41.54266777634621 52.58600068672142 2765.2874682238653 1.3190106406073254 1.2169956725879443 0.0 0.0 0.0 0.0 0.0
52.48291015625 38.515809297561646 49.8352598085267 2483.553120183357 1.6164439385829592 3.2645107114470795 0.0 0.0 0.0 0.0 0.0
87.5775146484375 37.81558841466904 47.23853078935033 2231.4787911363987 1.0655399815356958 0.7716489400003539 0.0 0.0 0.0 0.0 0.0
48.0328369140625 47.9170563519001 58.68031266929685 3443.379094966441 1.5331119643791837 1.5199724497634985 0.0 0.0 0.0 0.0 0.0
26.4385986328125 25.988066136837006 37.07709422626392 1374.710916263253 2.3650630577917977 5.513103968433455 0.0 0.0 0.0 0.0 0.0
43.535400390625 46.42590284347534 57.33373219155888 3287.1568470133952 1.6021035436011333 2.1591590076667364 0.0 0.0 0.0 0.0 0.0
42.386474609375 44.96315413713455 56.18400975535484 3156.642952189808 1.6268952461054003 1.7405137715940784 0.0 0.0 0.0 0.0 0.0
61.4384765625 56.7680447101593 69.76231250222676 4866.780245658345 1.1391153581334366 0.15405275881659142 0.0 0.0 0.0 0.0 0.0
51.7510986328125 41.1276291012764 55.91015768100263 3125.9457319145777 1.8082765173304673 3.215305397108339 0.0 0.0 0.0 0.0 0.0
64.4747314453125 44.340254455804825 50.22082693091923 2522.1314576253426 0.5440754888690255 -0.06624579057878455 0.0 0.0 0.0 0.0 0.0
41.5899658203125 51.564643412828445 66.62459007260658 4438.836002342868 1.795216069164573 2.066785990301268 0.0 0.0 0.0 0.0 0.0
58.7044677734375 29.090843319892883 32.820588116783064 1077.1910043315215 -0.2715747978651786 -1.3747246454691988 0.0 0.0 0.0 0.0 0.0
23.7020263671875 23.27522963285446 40.38364072351557 1630.8384380859852 3.6987351745245314 14.757667005772362 0.0 0.0 0.0 0.0 0.0
24.8743896484375 31.943275302648544 56.67427634032549 3211.973598699578 3.059822675580457 7.965659663476384 0.0 0.0 0.0 0.0 0.0
49.301513671875 53.308868408203125 66.53002940589623 4426.244812749416 1.507777676490955 1.110579901750973 0.0 0.0 0.0 0.0 0.0
40.8963623046875 40.44786036014557 58.63931517996751 3438.569284775568 2.2156280267628343 4.272252200406205 0.0 0.0 0.0 0.0 0.0
53.8350830078125 62.00521630048752 74.57645039571905 5561.646953625144 1.3462952660611942 0.412630244108827 0.0 0.0 0.0 0.0 0.0
56.444091796875 41.333884835243225 50.00359209907588 2500.359222810764 1.1190273063141238 1.3058319484885414 0.0 0.0 0.0 0.0 0.0
37.8323974609375 46.74946486949921 64.76468386114058 4194.464275633484 2.131664588446054 3.5020716120985735 0.0 0.0 0.0 0.0 0.0
29.705078125 19.809955596923828 25.983986571407474 675.1675581430839 1.737953548353764 3.3021611770753987 0.0 0.0 0.0 0.0 0.0
32.1361083984375 34.11743742227554 42.031836535199844 1766.6752825217607 1.7716547924811406 3.542734743410656 0.0 0.0 0.0 0.0 0.0
102.656982421875 61.55306017398834 68.85620995024827 4741.177648712669 -0.12104880435023598 -1.3066676470511451 0.0 0.0 0.0 0.0 0.0
43.9837646484375 40.364599138498306 50.130496098475454 2513.066639079263 1.4807845410642657 1.9574298453441914 0.0 0.0 0.0 0.0 0.0
69.77734375 62.8599739074707 70.26305793995255 4936.8973110731295 0.8856723956193202 -0.6173494245436268 0.0 0.0 0.0 0.0 0.0
54.661376953125 46.69856411218643 60.87470361076267 3705.7295396982017 1.6663120606534376 2.6115263379143885 0.0 0.0 0.0 0.0 0.0
32.395263671875 32.178505659103394 47.36909641173169 2243.8312948639323 2.564633356336801 6.291049910807892 0.0 0.0 0.0 0.0 0.0
29.96728515625 37.63687586784363 52.22618187325648 2727.5740730584635 2.13935556213046 3.5748847290861825 0.0 0.0 0.0 0.0 0.0
40.9896240234375 47.308373272418976 62.83786676404398 3948.597499455743 1.9003723523800842 2.554757873670429 0.0 0.0 0.0 0.0 0.0
40.6712646484375 38.65532261133194 46.37166225611652 2150.3310603953414 1.4652047344112267 2.2885316057444562 0.0 0.0 0.0 0.0 0.0
51.9915771484375 51.53975936770439 60.992145430996445 3720.04180427582 1.1774442914299574 0.4871669005497603 0.0 0.0 0.0 0.0 0.0
47.1732177734375 39.98661559820175 47.3471262130789 2241.750360637223 1.2693128682528474 1.4696195229790838 0.0 0.0 0.0 0.0 0.0
69.8944091796875 58.039193630218506 64.47341014550537 4156.820615790554 0.5425148098981252 -0.9086779221330352 0.0 0.0 0.0 0.0 0.0
31.0731201171875 35.50863263010979 46.547614390547245 2166.6804054510812 2.0053788158359853 3.638725182531526 0.0 0.0 0.0 0.0 0.0
69.7652587890625 53.32368981838226 63.93307336533011 4087.4378699366825 0.8359582561360613 -0.20587901001011355 0.0 0.0 0.0 0.0 0.0
34.1806640625 34.884918451309204 49.38492963898133 2438.871275447137 2.1388833558612688 3.7827400163737988 0.0 0.0 0.0 0.0 0.0
65.205810546875 51.61275565624237 65.42231262766319 4280.078989551699 1.2742579736903996 1.108579914512819 0.0 0.0 0.0 0.0 0.0
60.0946044921875 34.69057521224022 47.63371476960016 2268.9707827516245 1.4039640821608375 2.887137506316974 0.0 0.0 0.0 0.0 0.0
28.518310546875 30.119109451770782 53.954915064830104 2911.13285965303 3.0174989049923453 7.7971167268765065 0.0 0.0 0.0 0.0 0.0
23.79931640625 26.374945521354675 42.052855911231426 1768.4426902907917 2.83488104296357 7.577724363340689 0.0 0.0 0.0 0.0 0.0
31.696044921875 31.761970460414886 52.2979116263315 2735.071560475579 2.903303506288184 7.73117423908336 0.0 0.0 0.0 0.0 0.0
53.0927734375 49.10194230079651 59.24217578339081 3509.6353915501772 1.1345915649169411 0.21877268900029767 0.0 0.0 0.0 0.0 0.0
44.412353515625 40.37383300065994 49.061987642198865 2407.0786314032744 1.4081545065860386 1.7189684833176093 0.0 0.0 0.0 0.0 0.0
34.796142578125 37.92987960577011 47.655692393155526 2271.0650174710618 1.8042554244755495 2.985265545139532 0.0 0.0 0.0 0.0 0.0
48.7708740234375 41.70611992478371 54.00257834489678 2916.278467896715 1.4436211840556084 1.4216657858964474 0.0 0.0 0.0 0.0 0.0
84.8489990234375 68.723768055439 72.60111578621901 5270.922013403979 0.19054458749700487 -1.5597609676470987 0.0 0.0 0.0 0.0 0.0
54.883544921875 42.08271861076355 48.38900596378567 2341.4958981632853 0.8409014966227394 0.09979784523399537 0.0 0.0 0.0 0.0 0.0
46.98779296875 40.43732023239136 49.88400753940622 2488.4142081915365 1.4522055953896096 2.4260517003118336 0.0 0.0 0.0 0.0 0.0
41.94482421875 52.61854958534241 68.59535197344458 4705.322312360747 1.7996207353996219 1.9359567330833833 0.0 0.0 0.0 0.0 0.0
33.8607177734375 37.4238206744194 51.78715970926774 2681.909910753204 2.1678819521811246 4.168575646992088 0.0 0.0 0.0 0.0 0.0
51.85693359375 45.33432424068451 56.490204865786446 3191.143245778522 1.6433487241980353 2.9478059337142275 0.0 0.0 0.0 0.0 0.0
42.123779296875 44.85745394229889 52.29463555938341 2734.728908288728 1.2480893149165146 0.6273722045726342 0.0 0.0 0.0 0.0 0.0
57.02099609375 59.56169927120209 67.60299809056437 4570.16535083285 1.0393265928299373 -0.22414314118982803 0.0 0.0 0.0 0.0 0.0
30.1070556640625 34.37284743785858 45.222850726522175 2045.106227833307 2.0404576229163776 4.009320959018421 0.0 0.0 0.0 0.0 0.0
42.654541015625 40.0241459608078 50.63347500900479 2563.748791487513 1.5836419948385647 1.5575819140449845 0.0 0.0 0.0 0.0 0.0
38.20458984375 42.54788601398468 51.9879322457116 2702.7450991846995 1.5099447346050845 1.3573436733667954 0.0 0.0 0.0 0.0 0.0
35.9425048828125 33.026250541210175 40.643718391445994 1651.911844683165 1.6248526740935003 2.345257164662211 0.0 0.0 0.0 0.0 0.0
15.0560302734375 15.510390281677246 31.232031400261945 975.4397853869482 4.730187434061158 24.877827467155193 0.0 0.0 0.0 0.0 0.0
78.51513671875 31.742315649986267 40.36528079210313 1629.3558934253297 0.07220722847346914 -0.04803430791038821 0.0 0.0 0.0 0.0 0.0
26.2908935546875 28.214781492948532 42.5226358251881 1808.17455752157 2.5879866436131773 6.552937063931861 0.0 0.0 0.0 0.0 0.0
54.4622802734375 50.735986441373825 64.72128042036054 4188.844139250945 1.535268645953229 1.6804604662218843 0.0 0.0 0.0 0.0 0.0
42.1990966796875 40.39494448900223 52.846553175736126 2792.7581825559064 1.638937820539309 1.8945775616399123 0.0 0.0 0.0 0.0 0.0
55.9715576171875 39.53924849629402 46.65540110813231 2176.7264525607134 0.8133102110482187 0.8982082174154296 0.0 0.0 0.0 0.0 0.0
38.8031005859375 40.528685331344604 53.354284714357064 2846.679697380676 1.7257151428459676 2.0543684288049855 0.0 0.0 0.0 0.0 0.0
37.9022216796875 34.227540493011475 41.19944237432404 1697.3940519552473 1.3145170749023016 0.487431691409558 0.0 0.0 0.0 0.0 0.0
47.4041748046875 37.989253878593445 45.526492864976426 2072.661552584749 1.101409072009977 1.3678370079106754 0.0 0.0 0.0 0.0 0.0
55.6951904296875 52.24987715482712 58.07275282769714 3372.444620986806 0.8040217024069721 -0.464209578918914 0.0 0.0 0.0 0.0 0.0
53.0809326171875 41.41975557804108 55.03946857636747 3029.343101168942 1.4268784374201269 1.5996184780896519 0.0 0.0 0.0 0.0 0.0
58.16357421875 52.03231084346771 61.50734557816366 3783.153560071649 1.1056791872286789 0.7005704794355365 0.0 0.0 0.0 0.0 0.0
46.5408935546875 36.08455094695091 47.24556966626476 2232.1438530898768 1.6280548316860017 3.068047371389655 0.0 0.0 0.0 0.0 0.0
44.9189453125 37.45827078819275 44.93491567012204 2019.1466462809792 1.300924542536778 1.4874588664294652 0.0 0.0 0.0 0.0 0.0
24.393798828125 24.961611449718475 38.75911856272412 1502.2692717593052 2.8798208179476417 8.728142524156773 0.0 0.0 0.0 0.0 0.0
22.49267578125 27.809797763824463 44.1989066340263 1953.5433476433739 2.825767649082155 7.24552534126309 0.0 0.0 0.0 0.0 0.0
31.4571533203125 33.44382801651955 49.032663054822585 2404.2020462477635 2.331610325037666 4.768311741311662 0.0 0.0 0.0 0.0 0.0
65.2425537109375 36.69597265124321 40.47250083531748 1638.0233238647745 -0.1517148634621968 -1.3530221810812726 0.0 0.0 0.0 0.0 0.0
45.679931640625 40.020450592041016 51.75837288602945 2678.9291638092686 1.5439590802450571 1.8761246209163502 0.0 0.0 0.0 0.0 0.0
50.2176513671875 29.623861014842987 32.71583091459269 1070.3255924322189 0.2371120845540995 -0.7160981590068718 0.0 0.0 0.0 0.0 0.0
37.7340087890625 36.171725392341614 45.00974732012427 2025.877353821434 1.5723122698238101 2.5696977000736885 0.0 0.0 0.0 0.0 0.0
64.2015380859375 64.61494094133377 77.25942631825752 5969.018955026263 1.1810352045731498 0.06756588169593192 0.0 0.0 0.0 0.0 0.0
51.5482177734375 52.847310692071915 61.04406280673869 3726.377603953057 1.058401638018607 -0.21397344068317325 0.0 0.0 0.0 0.0 0.0
66.15869140625 33.519734025001526 44.121857790677055 1946.7383349007296 0.8370941390477896 1.3521001947222624 0.0 0.0 0.0 0.0 0.0
49.727294921875 48.09144580364227 53.72027776184565 2885.8682428098487 0.9052647550639069 -0.12000145778806148 0.0 0.0 0.0 0.0 0.0
82.294677734375 36.28568255901337 45.217658402647686 2044.6366314185348 0.20318219534580656 -0.17864721534093642 0.0 0.0 0.0 0.0 0.0
64.719970703125 39.526430547237396 52.54001458933571 2760.4531330476093 1.0495079394386784 0.844597283815339 0.0 0.0 0.0 0.0 0.0
51.5078125 40.519012451171875 49.488421206134326 2449.103833475766 1.3054278923577212 1.515418727570811 0.0 0.0 0.0 0.0 0.0
33.9530029296875 31.837215960025787 43.04083076219919 1852.5131127002721 2.158107962272661 5.489298134393744 0.0 0.0 0.0 0.0 0.0
49.3431396484375 39.59465742111206 48.44794196612536 2347.2030807530514 1.335504339814929 1.6187137605057567 0.0 0.0 0.0 0.0 0.0
49.979736328125 34.99456977844238 44.66587063452134 1995.0399995397959 1.1579573452452987 1.7612363299303668 0.0 0.0 0.0 0.0 0.0
25.3876953125 22.690314531326294 33.054386099961164 1092.5924404453058 3.694003545786606 20.270991399767464 0.0 0.0 0.0 0.0 0.0
60.336181640625 45.57784456014633 54.88535921406416 3012.4026560568573 0.8763713841639816 -0.07587048180121458 0.0 0.0 0.0 0.0 0.0
24.4923095703125 20.62890511751175 24.353131693020327 593.0750232575912 1.3121229617459667 1.368390106365318 0.0 0.0 0.0 0.0 0.0
26.5157470703125 32.104452252388 47.26908088429417 2234.366007645944 2.517656376001611 5.663337131392117 0.0 0.0 0.0 0.0 0.0
23.662353515625 19.937675178050995 31.50353120379387 992.472478308414 3.978256811813392 21.718067820220273 0.0 0.0 0.0 0.0 0.0
58.5802001953125 62.05573892593384 69.37783689364687 4813.28425204147 0.9074469723391523 -0.7342283856136897 0.0 0.0 0.0 0.0 0.0
31.00390625 35.241034507751465 49.115042230833815 2412.287373336589 2.3475377650342977 5.413352212038772 0.0 0.0 0.0 0.0 0.0
61.246337890625 51.86654543876648 60.730959210953884 3688.2494066825443 0.9219202992735513 0.3578934249949275 0.0 0.0 0.0 0.0 0.0
76.8594970703125 47.17527976632118 61.64432746350056 3800.0231084272896 1.2624356281455336 1.1787111241844528 0.0 0.0 0.0 0.0 0.0
54.87158203125 39.76954734325409 47.61117710796249 2266.8241856057716 0.9798204950770912 -0.1301466579109567 0.0 0.0 0.0 0.0 0.0
46.291748046875 43.81077617406845 53.81567668245129 2896.1270567901315 1.557026290631858 1.3085279262703304 0.0 0.0 0.0 0.0 0.0
55.4674072265625 38.861599147319794 51.88833094971685 2692.398888747344 1.3167994775625536 1.1065110391309378 0.0 0.0 0.0 0.0 0.0
49.3037109375 49.290860176086426 60.17193893366684 3620.6622350369307 1.3617320555022983 0.7921540207249373 0.0 0.0 0.0 0.0 0.0
24.4564208984375 25.384729206562042 38.49349990753416 1481.7495351313323 2.8666222082749617 8.903015205779997 0.0 0.0 0.0 0.0 0.0
51.6905517578125 56.64468136429787 66.32488355124676 4398.990178086443 1.2152492352390118 0.3636460550524787 0.0 0.0 0.0 0.0 0.0
69.0970458984375 60.72500950098038 65.25253091402823 4257.892790686209 0.4972790489293469 -1.3955962932119013 0.0 0.0 0.0 0.0 0.0
34.9208984375 34.73561882972717 42.53645049345374 1809.3496205820413 1.7706185211488128 3.989014389532942 0.0 0.0 0.0 0.0 0.0
41.760986328125 36.15138351917267 48.48872690329718 2351.1566367025357 1.724493527856226 2.2725411606714925 0.0 0.0 0.0 0.0 0.0
27.58447265625 32.35222661495209 48.262947654879845 2329.3121163376723 2.4700361350097917 5.20876363669605 0.0 0.0 0.0 0.0 0.0
51.150390625 49.00133037567139 56.0417993698862 3140.683276614577 1.0397635212392622 0.14514525978095127 0.0 0.0 0.0 0.0 0.0
41.787353515625 48.14054673910141 61.150811539188766 3739.421751901382 1.6253030439200078 1.4732267056745254 0.0 0.0 0.0 0.0 0.0
21.5032958984375 21.692360162734985 38.78959441296527 1504.6326347223467 4.122110320088907 19.04200935408431 0.0 0.0 0.0 0.0 0.0
47.0560302734375 38.38280215859413 49.40338629316472 2440.694577231656 1.447298863387434 1.7165559797443315 0.0 0.0 0.0 0.0 0.0
39.537841796875 44.50028920173645 58.01773150276572 3366.0571687270135 1.7827936273351177 2.3064415746730855 0.0 0.0 0.0 0.0 0.0
30.830078125 36.51901912689209 48.681057663730265 2369.845375259431 2.0650674584976034 3.5994275719970164 0.0 0.0 0.0 0.0 0.0
65.7210693359375 57.36337369680405 65.01234882033702 4226.605499137177 0.7860650536032663 -0.18119982033706838 0.0 0.0 0.0 0.0 0.0
61.2156982421875 55.78896152973175 63.56007030422496 4039.882537078019 0.9316418369211421 -0.07017116864529793 0.0 0.0 0.0 0.0 0.0
83.12744140625 53.594165444374084 62.82490735682844 3946.968984394076 0.32068237067708716 -0.5193164282977039 0.0 0.0 0.0 0.0 0.0
51.58447265625 42.06828784942627 53.55764769643975 2868.4216267759584 1.5799968910564288 3.0430269653348656 0.0 0.0 0.0 0.0 0.0
35.46630859375 40.92681181430817 57.91630777285258 3354.2987060397845 2.4019711353147617 5.319261948744398 0.0 0.0 0.0 0.0 0.0
53.502685546875 56.72593557834625 67.7912639527312 4595.655468308872 1.3985871669843353 1.0298534294267299 0.0 0.0 0.0 0.0 0.0
69.3599853515625 55.518352657556534 63.775296271389514 4067.288414503509 0.643698538857652 -0.8008467112155948 0.0 0.0 0.0 0.0 0.0
78.91455078125 56.13594853878021 63.57633182021579 4041.9499677141835 0.4641336110955714 -0.6432040075289356 0.0 0.0 0.0 0.0 0.0
41.1722412109375 51.01451310515404 66.38891267739331 4407.4877264865545 1.7598458326925346 1.7758530199251288 0.0 0.0 0.0 0.0 0.0
39.956298828125 54.36038392782211 71.0265918475521 5044.776749478753 1.7340176410079857 1.3387111148700157 0.0 0.0 0.0 0.0 0.0
38.26318359375 40.57448959350586 56.09620616197065 3146.7843457663134 2.106057407158339 3.462667798534877 0.0 0.0 0.0 0.0 0.0
30.4429931640625 41.48248353600502 60.744917365097656 3689.9449856925426 2.2869649301968904 3.7456396982061237 0.0 0.0 0.0 0.0 0.0
38.9798583984375 47.51209768652916 63.65336524240038 4051.750906682425 1.983207109229707 2.9510215115817813 0.0 0.0 0.0 0.0 0.0
42.416015625 36.47364521026611 45.53798681366078 2073.708243041143 1.8646091973374548 5.371143967368292 0.0 0.0 0.0 0.0 0.0
74.1180419921875 42.25599905848503 46.76034073529682 2186.5294656810593 -0.26674322850711907 -1.4066949857297744 0.0 0.0 0.0 0.0 0.0
44.0445556640625 40.134595453739166 48.26713038515404 2329.7158756174604 1.3957336459618 2.0716810887824524 0.0 0.0 0.0 0.0 0.0
93.668701171875 90.3818170428276 96.84324799052953 9378.614681355202 0.5052348990028032 -1.546626090058997 0.0 0.0 0.0 0.0 0.0
65.50439453125 63.85730707645416 70.68677509676317 4996.620173580378 0.7599850300505545 -1.0067993851351866 0.0 0.0 0.0 0.0 0.0
52.9671630859375 45.682465106248856 56.04679812779012 3141.243580377258 1.2404652951958715 1.1304535047645574 0.0 0.0 0.0 0.0 0.0
72.442626953125 48.914910674095154 52.02688118744987 2706.796366093025 -0.08246017524456747 -1.6018824556318478 0.0 0.0 0.0 0.0 0.0
30.0968017578125 33.20565330982208 43.75084035498418 1914.1360317673123 2.0381956002869224 4.18095517779376 0.0 0.0 0.0 0.0 0.0
108.1761474609375 38.23939982056618 49.92810215783172 2492.81538508288 -0.6611229919626542 0.09755240661977416 0.0 0.0 0.0 0.0 0.0
45.0201416015625 36.7905797958374 49.24981066112813 2425.54385015697 1.9340129640881778 3.9886858014465894 0.0 0.0 0.0 0.0 0.0
51.490478515625 56.85897600650787 70.69057244783487 4997.157033002591 1.5830899986274556 1.383919355655613 0.0 0.0 0.0 0.0 0.0
41.9554443359375 39.017635732889175 46.98043077950528 2207.1608762278865 1.3902431355121614 1.0400509772785913 0.0 0.0 0.0 0.0 0.0
61.4378662109375 56.48387509584427 64.9596630885684 4219.757828580316 1.0024094645386892 -0.02553074696085389 0.0 0.0 0.0 0.0 0.0
53.2049560546875 44.8525068461895 51.830022422976796 2686.3512243662776 0.9910949287993196 0.08477300683225364 0.0 0.0 0.0 0.0 0.0
29.4412841796875 26.85807266831398 33.89010325639545 1148.5390987291453 1.7306421292323888 2.475054938332807 0.0 0.0 0.0 0.0 0.0
66.0546875 75.49920272827148 83.99891685007806 7055.818031986327 0.8615271015420021 -0.992474108453159 0.0 0.0 0.0 0.0 0.0
61.1697998046875 57.17255240678787 67.52770047828669 4559.990331885201 0.9969114220202269 -0.22039749707450662 0.0 0.0 0.0 0.0 0.0
56.56884765625 56.18818473815918 67.40774672205364 4543.804318144534 1.1765872137996587 0.30861480816027775 0.0 0.0 0.0 0.0 0.0
35.1612548828125 26.22781217098236 38.23601277233466 1461.992672726139 2.729282029435156 11.029198077966853 0.0 0.0 0.0 0.0 0.0
34.97314453125 37.28261756896973 51.699008315894126 2672.78746084689 2.439260395035302 6.291654177984691 0.0 0.0 0.0 0.0 0.0
72.653076171875 55.2221981883049 65.04776945734541 4231.212311375958 0.7800431882678004 0.08361692425527378 0.0 0.0 0.0 0.0 0.0
32.348388671875 27.18912136554718 43.86250826329541 1923.9196311476583 2.960333796941651 9.194055519894068 0.0 0.0 0.0 0.0 0.0
55.2685546875 43.51910376548767 48.406031011858666 2343.143838321023 0.725785727963205 -0.08838498615212309 0.0 0.0 0.0 0.0 0.0
26.4951171875 27.15416979789734 40.41697843245473 1633.5321456095105 2.763513430798386 8.171244579790566 0.0 0.0 0.0 0.0 0.0
50.20068359375 40.784764766693115 47.790060561115595 2283.8898884350965 1.1671957150362573 1.5072659961234383 0.0 0.0 0.0 0.0 0.0
59.3680419921875 46.89475789666176 61.713197804235556 3808.5187832247043 1.3881693357352696 1.3290337572183262 0.0 0.0 0.0 0.0 0.0
41.428955078125 37.52126532793045 47.86836762621604 2291.3806191985677 1.5162590209607028 1.6555002869548465 0.0 0.0 0.0 0.0 0.0
47.6622314453125 22.866277277469635 29.73330853982371 884.0696367243535 1.1221850944318876 3.219067322425219 0.0 0.0 0.0 0.0 0.0
43.7388916015625 33.450381845235825 44.109865069524794 1945.6801964516837 1.7081979293396226 3.2627413597733366 0.0 0.0 0.0 0.0 0.0
42.2596435546875 39.22002673149109 48.840316121393485 2385.3764788376484 1.8727424966542299 4.385882479185792 0.0 0.0 0.0 0.0 0.0
56.415771484375 25.60686081647873 30.201948939297406 912.1577197319276 -0.19305546923653386 -1.1248447007857711 0.0 0.0 0.0 0.0 0.0
36.851318359375 32.50319355726242 48.05812430437194 2309.5833116544645 2.62600758842859 7.810831316934312 0.0 0.0 0.0 0.0 0.0
52.6195068359375 28.329116821289062 43.177856718524964 1864.3273108054716 2.0438414293633875 4.275044779960699 0.0 0.0 0.0 0.0 0.0
48.7283935546875 43.419190645217896 56.128792063046774 3150.4412984567425 1.55443972013323 1.7343522733819592 0.0 0.0 0.0 0.0 0.0
96.1297607421875 59.94082337617874 65.41776854944608 4279.484441988897 -0.1613184283880354 -1.510729538756103 0.0 0.0 0.0 0.0 0.0
42.8001708984375 34.420812875032425 46.27484188306579 2141.36099130274 1.7939964808222035 3.3490967289422224 0.0 0.0 0.0 0.0 0.0
49.2843017578125 40.55721178650856 54.65320557970479 2986.9728801374745 1.6751878813091114 2.265631761126836 0.0 0.0 0.0 0.0 0.0
47.25634765625 45.19575572013855 56.311585930766284 3170.9947100380755 1.621297506723118 2.268094577378296 0.0 0.0 0.0 0.0 0.0
56.1539306640625 46.79353976249695 54.23037049745847 2940.9330842916147 0.9527240142979062 -0.1984290996645437 0.0 0.0 0.0 0.0 0.0
45.920654296875 39.639521300792694 46.10045459343671 2125.25191372152 1.0814772363672016 0.280237958067064 0.0 0.0 0.0 0.0 0.0
49.7669677734375 48.71251320838928 58.523267101807484 3424.972792269502 1.2908050950779728 0.6741359394190143 0.0 0.0 0.0 0.0 0.0
32.389892578125 38.5895534157753 53.61670134670588 2874.750663301852 2.1417148745361687 3.5768077591364875 0.0 0.0 0.0 0.0 0.0
32.4891357421875 25.619208604097366 38.68716511148697 1496.6967443634544 3.3654232163189572 15.241348496171572 0.0 0.0 0.0 0.0 0.0
60.7974853515625 61.41452604532242 76.01654478445268 5778.5150809667 1.2814510746842278 0.24665888302078143 0.0 0.0 0.0 0.0 0.0
42.7049560546875 42.47307392954826 57.7805681164513 3338.594051859868 2.0098403152280064 3.6330756920395224 0.0 0.0 0.0 0.0 0.0
56.00927734375 41.20371210575104 51.64252105646329 2666.9499810672537 1.3996610038381827 2.3297287500300383 0.0 0.0 0.0 0.0 0.0
55.285400390625 32.24686533212662 37.1481421162504 1379.9844626891368 0.579919389368254 2.138484942180683 0.0 0.0 0.0 0.0 0.0
38.982421875 28.278852939605713 37.62545606764947 1415.6749442986204 1.8069344089474335 4.923329923495631 0.0 0.0 0.0 0.0 0.0
62.3927001953125 36.42153948545456 42.39630204380547 1797.4464269895836 0.5214142105460277 0.4535479204708519 0.0 0.0 0.0 0.0 0.0
34.985595703125 29.216918766498566 45.17894574199708 2041.1371383583162 2.997015991202664 10.668867934667146 0.0 0.0 0.0 0.0 0.0
56.7978515625 45.69980549812317 55.301673460737064 3058.2750875579904 1.2297255270260556 1.2950053040654694 0.0 0.0 0.0 0.0 0.0
34.1978759765625 41.65076532959938 58.10674553420604 3376.393876576974 2.1955120683516065 3.975154299085937 0.0 0.0 0.0 0.0 0.0
76.5775146484375 60.359453439712524 65.92872736304106 4346.5970917101995 0.39044290192356407 -1.0897921230106196 0.0 0.0 0.0 0.0 0.0
37.1478271484375 43.48677349090576 60.97448383809085 3717.887679321602 2.1304097176035266 3.377815670128725 0.0 0.0 0.0 0.0 0.0
71.0640869140625 58.279107481241226 66.66527388254664 4444.258741834955 0.72954135543073 -0.6466315061124241 0.0 0.0 0.0 0.0 0.0
53.435546875 60.64136219024658 71.20764957277525 5070.52935767916 1.2167324323484803 0.22767010046397385 0.0 0.0 0.0 0.0 0.0
29.3797607421875 30.02752223610878 49.57998851533442 2458.175261180693 2.8642315882210627 7.028639805645813 0.0 0.0 0.0 0.0 0.0
36.2708740234375 34.12633028626442 51.128913378271854 2614.1657832428264 2.7595056214665536 8.379114193109485 0.0 0.0 0.0 0.0 0.0
64.77294921875 50.865259289741516 62.81991563360514 3946.3418002132676 1.0441793912307236 0.5133890120720506 0.0 0.0 0.0 0.0 0.0
31.5704345703125 38.19832509756088 50.57279687798701 2557.607784062133 2.051321054362515 3.8280995486725855 0.0 0.0 0.0 0.0 0.0
40.700927734375 52.296589970588684 73.23730273332667 5363.7025116529385 1.9498420779614944 2.0597495455384234 0.0 0.0 0.0 0.0 0.0
29.4498291015625 34.30847689509392 47.549452991235206 2260.950479765687 2.2974360338018776 5.199456234331043 0.0 0.0 0.0 0.0 0.0
47.7237548828125 57.333541601896286 75.42090726874969 5688.313253241338 1.6889793041400012 1.2904484543329646 0.0 0.0 0.0 0.0 0.0
31.467041015625 29.62887316942215 44.67344186856557 1995.716408384107 2.7405193546726574 8.210776688051764 0.0 0.0 0.0 0.0 0.0
55.9375 43.476806640625 50.64693428177657 2565.1119521425953 0.871267094242604 0.14703914803803997 0.0 0.0 0.0 0.0 0.0
59.749267578125 51.46054846048355 62.40034907235523 3893.8035643517846 1.0850900278135074 0.485104233112164 0.0 0.0 0.0 0.0 0.0
43.3905029296875 49.943272829055786 65.2332701634211 4255.379536213884 1.7900000681718793 2.076464613354741 0.0 0.0 0.0 0.0 0.0
30.4398193359375 34.466855466365814 45.483606208836875 2068.758433760544 2.101140738341259 4.246310954795802 0.0 0.0 0.0 0.0 0.0
50.6141357421875 44.68872946500778 54.832575310976615 3006.611315233922 1.227311206937148 0.8494867655907012 0.0 0.0 0.0 0.0 0.0
32.2169189453125 34.34951186180115 44.09928966461612 1944.7473489237186 1.9584707425646755 4.044819966029183 0.0 0.0 0.0 0.0 0.0
44.4443359375 42.68060493469238 54.309767093557866 2949.550801756501 1.5686494702514564 1.831377888785637 0.0 0.0 0.0 0.0 0.0
52.5650634765625 55.04467907547951 65.65867661115912 4311.061814328775 1.2156799266378666 0.3544279361520575 0.0 0.0 0.0 0.0 0.0
32.74951171875 23.914241790771484 28.694216763984976 823.3580756985564 1.4336287432210868 3.7341158934178296 0.0 0.0 0.0 0.0 0.0
21.756591796875 25.523150503635406 39.58708041968589 1567.136936154678 3.057084988876683 9.832185520518552 0.0 0.0 0.0 0.0 0.0
68.8218994140625 50.1054610311985 55.56781748931292 3087.7823405255913 0.3411549737045489 -0.9852422979295743 0.0 0.0 0.0 0.0 0.0
47.006103515625 51.82007920742035 60.95627050824811 3715.6669142747182 1.1714749204895996 0.05310179693798034 0.0 0.0 0.0 0.0 0.0
52.4051513671875 50.47695019841194 60.46025633298791 3655.442595850605 1.1865817497787647 0.2404307713100189 0.0 0.0 0.0 0.0 0.0
36.8795166015625 37.841983169317245 49.03087668874104 2404.026868866529 1.7195778104804311 2.385853398467357 0.0 0.0 0.0 0.0 0.0
32.0574951171875 29.32013589143753 43.651576482251905 1905.4601293858875 3.025266007095119 11.048209329941004 0.0 0.0 0.0 0.0 0.0
49.1995849609375 41.3772549033165 47.8569862611445 2290.2911339993734 0.907348115021446 0.6247797513465172 0.0 0.0 0.0 0.0 0.0
25.9412841796875 31.948053687810898 45.55511828611656 2075.2688020620717 2.3425813207977764 4.860292455773521 0.0 0.0 0.0 0.0 0.0
43.037109375 37.87131452560425 50.07475149456156 2507.480737242095 1.6566209006749986 2.241605376190935 0.0 0.0 0.0 0.0 0.0
55.9783935546875 58.63638898730278 75.3974073573999 5684.7690362177 1.5336846787797942 0.9631869503741348 0.0 0.0 0.0 0.0 0.0
39.1551513671875 46.90520188212395 67.38799023933116 4541.141228496192 2.2258708581008504 3.5930015893490195 0.0 0.0 0.0 0.0 0.0
64.7777099609375 31.05147859454155 42.47181692078482 1803.8552325526637 1.003590781479644 1.83349822606284 0.0 0.0 0.0 0.0 0.0
43.4169921875 41.635690212249756 48.36879085259417 2339.539928541997 1.1997046601917813 0.9737338960533739 0.0 0.0 0.0 0.0 0.0
58.593017578125 44.27381891012192 58.2500421095392 3393.06740576309 1.3850174866573943 1.3390232110465936 0.0 0.0 0.0 0.0 0.0
69.6990966796875 37.76829096674919 49.59049898137504 2459.217589221759 0.9123927897639033 0.616580902896791 0.0 0.0 0.0 0.0 0.0
28.0167236328125 29.802703589200974 49.84430490922766 2484.4547318840564 3.196045914027403 10.247478137405261 0.0 0.0 0.0 0.0 0.0
54.460205078125 39.18558096885681 48.76916372406798 2378.431330344948 1.0355357058190409 0.7171807712951477 0.0 0.0 0.0 0.0 0.0
78.5028076171875 87.59394699335098 96.89526541301453 9388.692459458529 0.7891661729999212 -1.2534375023407107 0.0 0.0 0.0 0.0 0.0
35.929443359375 40.74836939573288 50.71284215753438 2571.792359694997 1.652537684236157 1.9717098299853983 0.0 0.0 0.0 0.0 0.0
43.0787353515625 52.33616676926613 69.0421023218189 4766.811893016511 1.9079251495691958 2.527186970555971 0.0 0.0 0.0 0.0 0.0
27.3267822265625 25.684746831655502 37.53673853160037 1409.0067395897318 2.4462620658904 5.693258333251549 0.0 0.0 0.0 0.0 0.0
43.9219970703125 52.95976507663727 70.24709962868192 4934.655006241965 1.8994229094690975 2.35829226081872 0.0 0.0 0.0 0.0 0.0
53.952880859375 43.39170944690704 56.635290016083815 3207.556075205923 1.4625608328110884 1.164088708809703 0.0 0.0 0.0 0.0 0.0
54.37060546875 50.45405685901642 59.273190008761816 3513.3110538147816 1.051359723428046 0.2205820682252022 0.0 0.0 0.0 0.0 0.0
32.8583984375 27.42385506629944 37.518405920738324 1407.6307828332926 2.1447005975763456 5.722805637129612 0.0 0.0 0.0 0.0 0.0
30.511962890625 36.08003318309784 50.46056809714586 2546.268932686695 2.286304251244785 4.882125546803067 0.0 0.0 0.0 0.0 0.0
